Groups 1	Groups 2	Groups 3	Groups 4	free agent
100	100	100	100	100
47	51	49	53	300
31	23	26	24	396
23	29	27	87	334
25	47	26	38	364
30	28	63	32	347
39	29	35	29	368
24	32	30	52	362
49	33	25	28	365
24	27	43	48	358
42	26	24	30	378
33	21	93	36	317
29	54	51	38	328
61	29	26	31	353
38	58	39	32	333
37	27	30	22	384
22	28	37	88	325
22	37	32	41	368
84	24	30	22	340
44	19	27	56	354
29	123	31	31	286
54	59	22	29	336
28	34	83	37	318
45	38	44	28	345
32	35	23	44	366
26	22	42	28	382
24	77	29	24	346
54	45	42	35	324
33	27	29	26	385
35	62	18	18	367
32	36	87	58	287
41	37	45	27	350
23	23	34	69	351
34	44	23	35	364
25	26	43	24	382
40	44	36	78	302
34	29	40	39	358
55	31	24	26	364
27	41	56	31	345
19	30	36	43	372
24	39	25	21	391
49	31	44	32	344
25	47	31	35	362
73	23	38	26	340
35	103	26	42	294
28	51	53	26	342
51	26	26	35	362
29	32	108	25	306
72	30	58	20	320
40	31	32	66	331
36	38	26	34	366
23	29	65	29	354
93	39	32	27	309
46	41	32	18	363
27	27	48	81	317
48	27	26	35	364
30	35	53	27	355
27	27	26	54	366
41	33	34	31	361
25	33	32	40	370
60	43	26	22	349
34	33	35	115	283
34	27	23	58	358
34	53	61	35	317
31	27	28	35	379
32	33	52	21	362
33	52	30	38	347
54	30	31	28	357
30	39	21	25	385
38	27	75	57	303
28	60	35	25	352
38	30	27	91	314
24	29	56	49	342
34	47	30	28	361
26	28	50	26	370
35	28	27	54	356
32	37	46	29	356
26	28	30	35	381
37	46	23	22	372
25	32	64	40	339
36	31	33	33	367
32	33	30	25	380
33	19	65	35	348
35	33	29	35	368
26	27	45	27	375
42	22	32	35	369
27	57	24	29	363
58	32	70	33	307
33	35	32	40	360
31	35	32	34	368
24	22	40	39	375
37	140	24	22	277
27	66	49	39	319
54	33	26	33	354
21	30	32	36	381
74	29	24	25	348
37	39	27	82	315
21	33	60	38	348
47	47	32	32	342
30	28	22	52	368
