Groups 1,Groups 2,Groups 3,Groups 4,Groups 5,free agent
100,100,100,100,100,500
81,75,83,83,121,557
146,74,82,99,77,522
96,78,99,76,81,570
86,81,65,69,125,574
76,105,90,83,83,563
94,88,88,113,71,546
95,80,76,95,91,563
80,101,129,86,85,519
65,112,116,74,77,556
87,77,90,95,79,572
84,89,76,80,93,578
73,91,80,77,83,596
73,108,90,105,78,546
77,79,107,70,98,569
93,102,85,63,74,583
95,94,72,137,75,527
78,88,91,89,69,585
118,75,82,88,65,572
75,65,79,68,71,642
78,79,82,65,106,590
102,91,85,62,83,577
87,80,70,111,80,572
75,72,124,76,78,575
102,104,85,69,85,555
84,84,109,83,58,582
101,83,89,133,85,509
64,124,79,97,80,556
111,119,71,81,84,534
68,76,91,137,94,534
125,83,103,90,97,502
79,68,83,72,84,614
88,75,87,90,86,574
68,112,87,62,67,604
90,75,83,95,89,568
78,79,86,70,58,629
83,76,80,83,97,581
80,79,92,106,78,565
143,65,98,85,86,523
86,85,68,101,88,572
69,94,83,83,104,567
60,82,69,138,75,576
83,75,90,82,79,591
96,93,79,102,79,551
79,122,61,79,79,580
70,73,69,122,76,590
101,73,58,95,90,583
84,87,77,106,73,573
104,87,108,89,50,562
88,81,93,69,157,512
84,68,87,107,105,549
103,91,79,94,94,539
81,91,80,63,59,626
69,77,77,63,109,605
93,78,72,143,83,531
87,85,64,97,152,515
66,89,103,82,96,564
72,89,84,111,91,553
126,61,69,74,80,590
97,62,90,89,83,579
75,86,76,80,106,577
72,69,115,73,89,582
86,105,85,73,80,571
74,74,77,117,80,578
74,115,54,97,100,560
90,90,77,70,87,586
82,69,79,87,113,570
71,95,120,56,76,582
101,94,81,87,69,568
91,81,75,103,135,515
80,65,114,93,87,561
95,88,98,80,89,550
76,81,89,129,58,567
104,96,83,100,64,553
83,81,117,96,73,550
73,73,80,88,70,616
92,91,90,83,83,561
74,97,74,102,80,573
92,76,70,72,116,574
79,74,98,71,87,591
72,104,72,71,93,588
128,107,77,78,89,521
88,88,112,67,70,575
95,91,71,86,96,561
109,79,82,76,83,571
149,68,83,62,83,555
118,80,78,94,77,553
89,71,113,77,60,590
107,70,95,65,92,571
89,68,70,167,81,525
80,92,89,111,68,560
135,74,75,86,71,559
88,80,85,121,70,556
63,74,73,83,111,596
66,76,77,118,95,568
56,86,108,81,69,600
107,74,79,80,72,588
96,95,69,102,61,577
105,83,83,80,113,536
69,70,111,74,84,592
83,65,94,66,83,609
77,87,117,68,68,583
60,81,86,74,70,629
121,82,78,76,79,564
80,60,79,63,193,525
77,122,99,74,115,513
67,86,85,102,91,569
77,83,82,66,78,614
95,74,101,88,59,583
74,84,89,81,101,571
165,81,65,82,79,528
98,86,86,84,85,561
82,68,75,76,81,618
122,53,77,77,81,590
81,74,77,81,111,576
97,83,98,66,87,569
73,102,113,82,84,546
68,88,85,75,72,612
70,88,83,89,143,527
70,108,71,76,104,571
73,70,79,77,70,631
72,62,93,61,115,597
67,102,65,95,93,578
62,138,60,76,82,582
90,99,78,68,111,554
80,96,79,94,86,565
60,140,84,73,79,564
102,105,66,124,65,538
78,89,66,82,54,631
90,85,147,109,71,498
62,60,103,90,90,595
68,72,128,70,77,585
80,92,88,76,93,571
74,139,70,81,98,538
71,92,144,61,98,534
56,92,87,96,81,588
164,62,92,73,79,530
111,68,88,80,57,596
87,78,91,97,76,571
76,59,73,121,75,596
89,92,87,94,79,559
99,106,78,84,80,553
71,83,87,97,81,581
68,81,106,76,97,572
78,81,93,70,101,577
75,89,109,86,91,550
93,69,82,82,115,559
91,122,101,86,93,507
83,73,84,81,85,594
72,70,69,83,74,632
132,71,83,73,74,567
83,81,75,114,98,549
66,106,77,83,85,583
77,91,76,95,114,547
64,85,92,114,86,559
124,77,75,85,65,574
89,79,62,104,73,593
85,80,84,92,87,572
68,87,72,80,135,558
90,103,116,84,100,507
84,84,90,55,95,592
76,98,77,61,82,606
97,92,107,64,74,566
113,78,88,144,67,510
76,96,80,105,76,567
94,81,78,83,97,567
115,103,67,66,85,564
99,75,65,63,134,564
83,94,76,95,99,553
85,79,119,63,79,575
80,85,81,113,74,567
89,78,84,93,81,575
80,107,83,61,83,586
71,87,107,90,70,575
96,73,83,79,102,567
80,88,77,97,112,546
93,90,71,100,93,553
80,106,87,79,80,568
105,93,93,100,69,540
88,97,89,88,75,563
88,97,75,79,88,573
78,110,72,73,94,573
72,96,95,84,89,564
80,88,107,84,80,561
89,67,91,91,92,570
84,67,77,76,80,616
80,78,72,107,63,600
73,106,75,78,129,539
91,81,64,81,110,573
123,69,67,67,84,590
100,55,92,102,64,587
91,110,85,96,101,517
71,90,75,81,93,590
65,117,89,81,70,578
91,80,75,77,102,575
68,123,71,59,92,587
116,83,83,68,68,582
78,53,73,75,72,649
73,83,69,89,99,587
86,91,96,91,74,562
85,114,89,71,148,493
66,73,90,86,99,586
50,125,80,82,87,576
113,79,92,94,86,536
94,68,82,81,73,602
87,129,77,80,73,554
74,96,89,89,93,559
65,74,114,107,69,571
59,81,101,90,51,618
135,77,79,91,78,540
80,90,97,83,76,574
100,75,74,75,106,570
80,71,93,111,88,557
71,70,119,79,83,578
96,67,95,97,66,579
98,83,82,79,81,577
70,112,92,79,71,576
116,88,73,85,57,581
92,78,100,92,81,557
66,82,87,76,120,569
69,79,85,109,99,559
96,86,70,89,83,576
84,75,92,81,97,571
73,72,75,80,117,583
81,142,94,78,75,530
77,81,90,72,68,612
83,82,68,71,169,527
69,92,99,107,119,514
83,81,73,109,89,565
76,66,120,102,68,568
88,98,82,86,123,523
83,77,65,82,82,611
76,75,67,76,80,626
108,93,81,88,57,573
90,74,69,106,92,569
71,72,102,86,85,584
101,76,72,90,103,558
108,74,97,74,83,564
81,61,106,87,86,579
90,73,108,102,71,556
95,97,88,64,91,565
82,84,73,122,74,565
83,79,71,90,120,557
84,91,82,102,75,566
78,69,92,84,93,584
130,62,78,83,72,575
79,93,82,80,103,563
82,93,95,93,71,566
138,89,71,77,67,558
84,83,93,101,69,570
69,117,90,66,70,588
78,79,88,75,107,573
121,65,84,55,94,581
99,151,77,87,81,505
90,97,67,76,87,583
77,92,97,95,79,560
144,78,87,84,97,510
93,63,77,116,75,576
73,68,68,93,64,634
95,87,80,84,96,558
84,66,66,120,93,571
97,84,77,76,89,577
82,66,95,100,95,562
79,158,83,82,84,514
84,96,75,84,83,578
88,90,65,60,134,563
77,72,165,123,102,461
62,98,100,89,80,571
68,87,124,67,92,562
79,83,99,104,64,571
81,112,94,64,64,585
108,102,80,89,69,552
87,73,80,76,64,620
92,146,89,82,75,516
87,89,74,75,101,574
67,78,94,93,88,580
87,78,112,81,86,556
84,87,86,99,77,567
113,71,88,90,78,560
92,82,117,89,78,542
82,66,83,106,83,580
105,66,148,72,87,522
77,155,99,65,77,527
103,90,81,66,103,557
76,64,110,103,76,571
66,101,83,97,81,572
72,85,75,86,125,557
66,115,62,94,87,576
66,86,84,80,81,603
99,73,79,97,81,571
72,99,85,80,96,568
69,86,94,89,80,582
112,85,87,59,75,582
88,77,87,129,95,524
82,119,55,88,83,573
86,95,80,71,94,574
73,89,132,71,81,554
149,59,92,99,65,536
95,146,82,81,89,507
72,83,73,75,113,584
122,72,79,74,73,580
90,97,77,97,74,565
78,82,86,110,67,577
73,100,79,87,84,577
69,84,115,84,84,564
85,93,78,103,87,554
73,69,92,101,96,569
65,70,84,76,87,618
87,84,92,101,79,557
129,58,69,96,61,587
102,108,92,92,53,553
80,80,91,66,147,536
78,106,76,82,83,575
89,80,83,74,93,581
66,115,83,82,78,576
111,83,78,87,87,554
99,109,77,81,72,562
131,76,66,76,65,586
107,65,92,76,99,561
86,72,84,162,91,505
72,94,81,94,111,548
102,97,84,77,98,542
89,83,69,61,91,607
79,109,152,64,71,525
84,78,98,88,77,575
70,64,74,81,79,632
74,99,71,113,73,570
58,79,126,93,72,572
74,86,89,83,98,570
81,65,93,119,81,561
78,77,86,92,98,569
71,81,63,113,85,587
72,77,129,76,78,568
57,81,88,107,81,586
61,80,81,90,80,608
94,88,79,87,80,572
97,85,94,80,89,555
101,103,83,90,70,553
75,68,120,65,63,609
70,92,90,96,79,573
79,84,94,79,94,570
123,84,83,69,79,562
87,67,92,112,71,571
92,80,68,116,98,546
105,86,90,68,74,577
82,78,85,64,66,625
99,101,78,72,130,520
84,70,149,52,93,552
73,70,100,76,108,573
102,106,74,67,78,573
72,77,87,64,75,625
106,80,75,71,74,594
81,94,129,59,75,562
120,76,93,58,85,568
85,123,86,70,72,564
81,90,79,72,120,558
79,96,97,84,87,557
103,87,79,62,107,562
80,90,102,124,96,508
64,103,111,83,85,554
100,92,86,92,62,568
76,77,73,104,94,576
130,83,72,93,69,553
95,69,95,68,132,541
85,96,85,91,78,565
67,109,73,79,85,587
117,99,60,65,91,568
85,86,63,69,89,608
71,82,90,65,113,579
123,96,83,80,87,531
73,71,96,91,93,576
83,97,79,94,78,569
74,75,78,83,138,552
83,89,87,80,83,578
66,65,81,108,100,580
69,56,74,90,95,616
83,78,94,94,87,564
65,68,81,74,74,638
72,76,81,78,123,570
106,99,72,76,84,563
88,69,124,77,67,575
91,91,81,77,101,559
81,74,80,126,70,569
98,77,97,88,75,565
86,105,76,67,76,590
92,83,100,71,65,589
86,86,86,103,85,554
68,76,73,94,69,620
105,74,97,83,78,563
63,76,94,85,115,567
84,89,107,69,83,568
87,107,88,84,77,557
86,75,77,81,78,603
80,85,91,93,72,579
125,68,89,80,65,573
97,78,83,78,136,528
104,89,81,83,90,553
83,81,63,77,75,621
79,93,88,82,151,507
111,80,72,69,85,583
99,81,74,105,102,539
82,99,61,96,67,595
106,100,62,70,87,575
81,124,72,64,99,560
84,82,78,69,78,609
112,82,68,103,69,566
86,62,96,88,91,577
72,160,75,78,90,525
75,87,66,103,89,580
104,90,56,77,104,569
97,107,128,75,96,497
64,72,80,159,88,537
59,137,79,107,90,528
85,95,82,72,95,571
102,79,68,86,88,577
97,109,90,71,83,550
89,84,68,80,109,570
85,77,75,116,80,567
65,62,63,113,132,565
104,65,59,81,98,593
116,62,82,79,102,559
81,120,75,75,86,563
86,92,101,70,82,569
85,104,95,61,86,569
90,86,65,147,107,505
80,86,87,99,78,570
67,86,90,81,108,568
87,75,80,64,87,607
115,63,95,133,77,517
89,102,81,92,71,565
80,84,122,79,64,571
84,86,90,64,136,540
70,104,74,96,77,579
93,87,105,78,74,563
81,79,92,106,69,573
102,76,75,93,88,566
84,74,103,81,71,587
103,84,93,98,67,555
92,85,73,86,66,598
86,74,114,81,87,558
74,115,93,65,84,569
88,86,70,89,91,576
73,76,124,84,72,571
87,86,100,84,88,555
76,81,76,83,77,607
75,88,67,74,121,575
74,80,84,88,104,570
71,92,76,97,96,568
79,80,87,96,85,573
79,128,80,69,66,578
78,95,76,72,62,617
90,82,99,77,76,576
118,105,73,78,70,556
79,73,92,70,97,589
107,70,70,94,85,574
106,80,85,85,84,560
93,84,106,71,99,547
75,118,73,72,73,589
72,104,113,60,83,568
79,101,104,71,92,553
83,79,82,66,105,585
94,95,72,152,83,504
118,75,73,99,69,566
76,123,74,98,63,566
100,99,97,76,126,502
81,81,79,63,80,616
73,79,70,84,104,590
85,83,82,96,84,570
84,77,129,85,79,546
123,67,96,77,77,560
89,132,81,95,69,534
77,108,83,78,114,540
114,87,86,93,77,543
90,109,85,82,73,561
90,75,72,69,72,622
75,78,116,81,74,576
82,98,94,79,87,560
64,81,89,125,73,568
109,71,88,86,68,578
88,72,79,89,85,587
81,165,76,64,82,532
85,104,70,77,94,570
72,89,70,100,107,562
70,77,116,85,78,574
99,68,102,71,75,585
87,60,100,127,67,559
73,61,93,94,71,608
78,146,84,87,89,516
65,100,99,103,77,556
118,88,73,75,75,571
91,98,86,86,70,569
80,90,65,70,159,536
73,82,87,86,94,578
106,82,97,97,76,542
97,67,89,90,86,571
82,67,79,81,129,562
79,114,63,75,100,569
92,86,74,89,108,551
71,146,65,103,100,515
96,105,89,85,76,549
78,81,98,74,107,562
74,68,76,69,94,619
97,85,98,86,85,549
72,104,76,70,106,572
86,90,89,151,79,505
78,94,100,96,79,553
101,77,104,83,68,567
90,67,84,95,91,573
77,110,99,76,73,565
61,88,120,71,94,566
162,67,89,98,68,516
106,68,78,71,113,564
97,63,52,117,96,575
66,96,128,89,116,505
78,85,76,99,96,566
79,78,106,82,89,566
102,101,86,72,72,567
80,71,100,92,77,580
94,99,97,74,83,553
105,79,99,88,67,562
71,116,82,76,69,586
75,84,67,72,194,508
89,87,59,91,94,580
74,80,116,74,75,581
89,79,89,86,85,572
99,81,85,68,108,559
74,103,76,98,90,559
98,82,61,92,102,565
91,82,113,64,92,558
69,82,77,122,91,559
78,74,90,82,113,563
111,79,73,85,88,564
80,66,112,81,78,583
62,67,94,97,108,572
79,70,113,90,92,556
98,99,74,87,65,577
97,85,103,63,85,567
118,59,79,69,85,590
88,103,94,67,70,578
79,98,79,94,81,569
73,99,67,86,118,557
124,86,70,70,88,562
95,80,83,83,78,581
71,131,73,72,76,577
74,75,109,76,78,588
90,95,101,71,78,565
73,74,78,120,64,591
82,89,83,86,97,563
113,81,83,64,77,582
98,95,69,95,95,548
74,81,108,86,75,576
117,75,90,65,69,584
101,97,85,61,85,571
74,91,106,68,96,565
71,106,86,147,83,507
70,81,75,86,122,566
68,77,105,105,90,555
63,103,91,78,99,566
78,89,71,94,88,580
91,79,108,76,79,567
107,66,74,80,100,573
72,79,114,70,86,579
81,70,98,130,84,537
107,93,86,85,78,551
95,102,91,70,81,561
89,62,71,91,106,581
85,79,72,98,89,577
67,108,85,84,82,574
71,85,74,115,95,560
84,91,93,94,70,568
102,73,101,86,68,570
79,87,70,114,85,565
95,62,97,86,73,587
68,85,72,80,89,606
122,103,75,96,85,519
83,79,102,85,73,578
82,64,71,64,130,589
111,84,67,76,81,581
65,82,67,84,71,631
92,98,98,69,65,578
73,95,86,62,101,583
68,126,85,66,107,548
85,101,63,80,97,574
95,81,79,85,84,576
77,72,84,84,73,610
67,72,93,79,100,589
68,95,85,102,89,561
69,69,97,132,76,557
70,63,87,107,106,567
68,119,59,74,81,599
66,93,98,65,92,586
157,96,72,86,73,516
87,82,66,101,128,536
76,113,74,76,79,582
99,72,70,107,81,571
93,69,69,90,76,603
87,74,103,82,77,577
94,75,87,78,97,569
102,99,83,67,82,567
72,87,115,69,64,593
83,75,89,101,91,561
68,108,77,79,75,593
88,78,105,71,76,582
82,131,91,76,120,500
81,92,74,59,97,597
91,79,92,67,110,561
117,86,70,91,80,556
78,69,116,95,66,576
73,147,103,69,95,513
130,90,79,90,75,536
92,77,102,85,60,584
118,67,88,82,86,559
93,97,92,62,82,574
97,81,90,134,92,506
82,64,83,90,114,567
100,94,74,79,100,553
86,108,76,106,74,550
75,74,171,103,63,514
113,87,115,65,89,531
69,90,85,120,69,567
116,91,73,98,71,551
76,82,69,115,130,528
64,75,109,75,95,582
91,95,82,66,85,581
79,75,73,71,77,625
73,78,76,124,74,575
72,93,90,70,140,535
84,79,74,116,101,546
101,89,101,77,77,555
72,76,87,79,80,606
85,84,96,81,84,570
74,69,76,77,70,634
67,84,76,71,73,629
108,99,73,81,72,567
83,81,97,59,95,585
104,83,86,84,77,566
85,112,67,80,96,560
69,93,89,90,79,580
68,77,102,91,103,559
104,81,73,91,83,568
74,86,129,80,89,542
85,64,100,103,93,555
87,109,80,80,78,566
86,86,79,95,83,571
79,87,95,86,78,575
62,77,94,63,123,581
55,94,93,94,86,578
112,59,87,72,75,595
86,111,88,64,67,584
77,81,82,158,70,532
80,77,94,82,91,576
76,70,81,72,87,614
114,79,61,96,87,563
81,60,91,116,80,572
101,132,93,93,76,505
84,89,94,87,80,566
93,116,76,82,90,543
85,86,114,75,84,556
81,125,82,67,78,567
84,98,71,150,70,527
89,84,139,105,66,517
84,71,92,79,113,561
116,83,73,80,77,571
77,78,77,69,76,623
79,99,79,70,113,560
80,79,125,65,72,579
104,107,88,58,67,576
107,88,77,125,75,528
84,68,101,88,142,517
56,69,94,109,93,579
97,142,76,91,82,512
79,101,68,71,80,601
79,90,64,149,95,523
110,73,58,103,84,572
88,72,99,86,74,581
128,62,86,77,73,574
92,93,75,86,98,556
88,78,90,106,68,570
82,91,75,92,86,574
63,80,65,74,79,639
162,99,107,84,102,446
100,74,87,89,87,563
77,124,85,63,79,572
76,80,113,79,94,558
88,84,79,103,69,577
82,67,83,76,98,594
71,86,73,101,89,580
68,62,127,84,77,582
88,90,105,91,123,503
120,83,72,72,77,576
83,80,115,100,67,555
64,75,83,83,106,589
122,78,84,67,77,572
81,70,76,89,155,529
92,72,116,64,94,562
78,81,93,95,79,574
85,134,99,105,93,484
113,86,77,85,74,565
91,113,86,79,73,558
98,78,85,85,88,566
67,88,90,102,112,541
66,79,65,84,86,620
88,100,69,85,164,494
90,79,79,102,103,547
76,82,66,104,68,604
138,59,70,85,61,587
103,135,81,71,117,493
80,82,89,75,98,576
62,79,82,115,93,569
102,74,79,89,84,572
70,75,73,77,121,584
100,91,72,69,85,583
91,81,91,101,61,575
81,72,90,98,46,613
128,72,81,86,54,579
88,67,80,111,87,567
73,96,102,89,79,561
146,89,94,77,87,507
96,77,84,71,112,560
84,79,83,152,86,516
79,88,93,97,73,570
70,88,88,74,122,558
72,82,87,72,86,601
110,72,87,147,75,509
76,76,102,84,78,584
92,93,74,83,82,576
68,66,107,111,74,574
64,139,78,95,99,525
79,85,100,64,84,588
68,75,87,117,73,580
57,69,76,97,122,579
145,106,57,97,80,515
107,80,57,85,129,542
85,110,91,69,89,556
63,93,69,61,109,605
158,78,63,65,100,536
95,104,79,57,86,579
85,79,156,92,82,506
104,68,99,79,83,567
76,81,93,106,71,573
90,77,78,85,112,558
80,116,69,80,75,580
79,73,82,101,103,562
128,66,75,87,83,561
97,94,78,76,78,577
72,75,103,92,63,595
70,111,86,71,64,598
144,79,88,83,69,537
109,179,77,69,54,512
82,117,103,68,116,514
72,103,69,188,92,476
86,79,80,97,78,580
72,74,72,70,71,641
104,77,94,81,97,547
92,77,76,110,82,563
87,104,96,95,68,550
76,105,92,77,93,557
127,89,80,56,79,569
78,79,74,108,80,581
83,94,69,79,107,568
70,83,95,95,81,576
71,80,82,74,118,575
104,75,68,78,94,581
68,77,81,116,80,578
67,107,108,73,63,582
90,85,86,91,75,573
79,117,100,70,70,564
84,103,84,91,127,511
114,70,60,87,91,578
96,117,71,69,82,565
78,92,75,103,102,550
76,73,116,86,83,566
81,90,91,86,103,549
70,77,78,81,86,608
88,79,77,75,105,576
60,75,93,95,93,584
77,89,102,92,88,552
76,69,92,104,111,548
148,87,85,80,82,518
101,73,65,100,102,559
83,73,109,81,76,578
83,81,81,101,102,552
92,76,86,103,81,562
86,110,68,92,67,577
77,81,114,80,75,573
77,106,75,95,90,557
68,88,116,85,78,565
95,82,83,76,90,574
85,76,77,96,168,498
77,70,71,82,110,590
83,69,70,114,76,588
85,109,76,82,97,551
76,85,65,74,135,565
73,82,87,104,93,561
77,104,95,74,83,567
94,85,73,156,75,517
91,94,82,87,91,555
74,89,73,64,80,620
77,71,85,95,112,560
93,64,90,92,82,579
69,116,60,87,76,592
89,78,75,75,94,589
76,80,69,138,107,530
91,74,102,98,80,555
108,76,88,86,84,558
75,104,76,102,84,559
74,79,115,77,74,581
106,91,85,83,66,569
91,71,117,78,61,582
64,111,71,63,103,588
107,80,75,110,99,529
84,141,108,80,77,510
63,94,82,77,57,627
79,89,112,99,65,556
118,82,100,74,62,564
91,78,78,67,67,619
63,82,88,131,69,567
99,74,100,91,132,504
68,79,83,115,83,572
78,94,101,81,97,549
88,92,74,166,65,515
83,82,77,101,78,579
76,74,85,75,170,520
84,95,90,72,97,562
75,69,75,127,78,576
70,82,94,87,84,583
95,103,73,70,80,579
74,68,135,81,77,565
101,95,93,75,83,553
81,79,87,157,68,528
97,76,74,92,93,568
86,95,77,94,99,549
74,87,68,66,121,584
131,89,70,59,80,571
92,88,58,68,124,570
80,77,72,97,90,584
96,99,84,87,61,573
86,82,69,94,138,531
94,92,111,88,97,518
79,114,78,65,75,589
80,92,81,90,98,559
80,80,75,111,88,566
85,108,70,96,97,544
67,84,88,72,109,580
67,72,82,114,89,576
87,100,90,78,90,555
71,86,63,116,75,589
93,101,88,89,80,549
81,77,75,86,67,614
139,74,53,74,78,582
87,96,129,76,103,509
75,91,92,87,97,558
93,82,82,113,76,554
75,127,77,91,65,565
77,89,96,89,83,566
68,88,67,83,73,621
68,99,79,85,90,579
169,87,73,87,82,502
102,95,84,82,69,568
99,90,76,69,109,557
72,96,147,91,78,516
88,82,84,96,85,565
76,126,64,81,84,569
61,104,168,74,72,521
93,87,109,62,138,511
92,108,84,60,95,561
86,66,73,108,77,590
103,81,83,97,77,559
126,73,73,77,83,568
89,83,81,94,76,577
99,93,76,79,77,576
89,84,78,74,109,566
108,109,70,75,76,562
85,77,75,64,81,618
89,74,86,89,72,590
85,103,83,98,79,552
72,81,70,79,69,629
73,88,91,85,91,572
73,71,84,64,83,625
79,87,84,114,107,529
103,94,85,97,76,545
88,72,76,130,73,561
84,70,58,96,126,566
75,102,97,82,84,560
121,66,90,71,72,580
91,72,107,99,58,573
89,97,82,94,94,544
77,75,82,69,80,617
76,100,81,103,74,566
95,113,89,95,68,540
75,94,89,78,95,569
82,92,90,67,103,566
93,90,97,92,79,549
67,77,81,71,117,587
90,75,72,95,87,581
78,95,95,88,87,557
115,94,71,85,65,570
82,84,92,96,80,566
66,113,74,95,89,563
69,75,79,82,78,617
69,122,59,88,82,580
65,89,112,84,75,575
101,70,100,98,77,554
72,93,81,94,95,565
85,127,61,80,88,559
73,86,114,75,81,571
60,101,98,113,80,548
97,71,106,71,76,579
90,117,95,90,82,526
114,90,85,75,68,568
85,72,102,130,103,508
71,114,81,80,69,585
74,94,86,103,63,580
68,92,131,80,55,574
76,95,85,80,112,552
96,78,64,105,95,562
90,110,74,89,79,558
94,83,102,92,80,549
83,101,88,120,69,539
68,81,83,69,124,575
87,86,84,92,90,561
68,82,80,128,71,571
101,72,89,86,82,570
71,85,58,100,96,590
67,77,60,82,97,617
95,106,77,71,92,559
93,79,78,95,97,558
83,109,75,78,77,578
103,104,77,79,94,543
81,87,114,76,85,557
83,82,86,137,93,519
116,79,76,90,68,571
84,95,88,72,76,585
78,70,82,98,87,585
60,61,80,139,77,583
136,88,72,88,74,542
89,113,67,88,84,559
101,90,125,72,80,532
75,78,83,92,93,579
90,93,81,82,84,570
83,77,94,96,79,571
85,83,78,96,79,579
84,73,69,83,83,608
79,89,100,75,81,576
78,127,94,68,62,571
76,100,84,94,88,558
114,85,76,81,69,575
95,62,91,75,94,583
76,97,107,75,80,565
133,79,84,64,85,555
78,97,75,91,72,587
80,67,110,85,70,588
88,91,81,73,84,583
63,72,76,177,77,535
84,85,94,95,62,580
75,73,86,77,162,527
86,61,94,79,100,580
81,71,79,120,76,573
104,68,100,86,67,575
125,75,84,78,76,562
91,83,92,92,87,555
74,75,78,87,80,606
72,72,100,77,72,607
72,97,91,93,87,560
64,88,88,68,100,592
99,96,81,81,71,572
136,87,81,70,61,565
94,64,125,116,78,523
90,82,87,103,141,497
104,62,90,94,80,570
74,118,91,80,85,552
71,84,77,114,88,566
85,104,77,86,75,573
91,89,70,82,90,578
75,82,77,101,89,576
89,71,93,91,99,557
80,93,70,119,78,560
77,78,158,87,68,532
89,79,115,67,90,560
80,81,74,92,113,560
81,95,86,81,99,558
86,76,79,91,108,560
84,73,110,62,73,598
78,94,86,78,96,568
71,78,80,82,76,613
75,83,108,81,65,588
76,102,96,92,75,559
107,79,92,78,100,544
91,70,87,88,80,584
86,102,76,76,89,571
78,83,103,77,101,558
81,89,78,88,82,582
69,78,73,83,82,615
96,78,75,97,77,577
69,119,83,85,75,569
50,79,80,80,126,585
65,75,92,98,94,576
79,95,72,81,105,568
168,87,61,79,87,518
103,77,59,107,95,559
