Groups 1,Groups 2,Groups 3,Groups 4,Groups 5,free agent
100,100,100,100,100,500
59,93,69,90,90,599
85,109,60,72,98,576
98,90,78,77,89,568
78,77,68,120,73,584
123,73,72,102,71,559
85,77,70,67,126,575
83,69,114,65,101,568
88,137,82,97,89,507
83,90,131,88,74,534
70,80,97,88,58,607
69,87,80,79,169,516
82,68,92,73,99,586
114,69,83,84,85,565
102,73,72,67,77,609
76,85,92,99,80,568
71,68,71,91,73,626
106,152,66,91,77,508
81,95,98,80,59,587
67,88,86,87,121,551
85,92,88,77,103,555
80,73,70,111,89,577
106,83,67,90,82,572
86,104,73,91,87,559
68,75,124,85,79,569
103,92,95,81,78,551
83,71,75,73,153,545
61,102,95,81,96,565
134,76,87,103,62,538
88,78,95,91,103,545
109,93,98,68,85,547
79,80,79,111,74,577
92,76,90,78,138,526
69,66,73,104,96,592
83,86,147,86,83,515
98,70,82,81,90,579
73,85,81,88,102,571
65,75,107,86,89,578
78,76,94,72,102,578
89,66,76,116,81,572
64,106,79,78,75,598
83,81,77,103,92,564
88,79,95,84,95,559
77,56,136,72,78,581
77,192,95,98,74,464
134,116,61,74,83,532
78,80,160,69,85,528
90,77,122,78,73,560
95,72,108,72,86,567
100,62,95,75,108,560
88,157,77,72,81,525
78,87,88,93,72,582
79,76,87,79,60,619
72,127,78,85,60,578
79,91,72,80,160,518
86,85,106,70,103,550
70,77,83,112,77,581
80,78,66,86,113,577
83,83,165,62,92,515
62,73,84,111,71,599
87,141,76,81,86,529
77,98,66,70,83,606
95,88,71,91,79,576
73,87,145,78,67,550
62,75,102,80,70,611
108,95,85,75,65,572
73,68,73,130,67,589
89,105,62,102,112,530
103,88,60,107,77,565
95,72,52,95,121,565
97,71,82,73,105,572
79,121,70,76,82,572
106,79,99,75,78,563
90,113,71,96,80,550
60,74,103,80,99,584
65,86,71,106,93,579
82,82,102,91,87,556
71,94,88,83,94,570
86,76,91,86,95,566
86,101,104,65,78,566
80,84,90,104,85,557
107,82,99,79,69,564
76,78,98,59,122,567
73,74,82,123,75,573
86,89,85,79,92,569
86,118,68,77,72,579
67,97,108,74,93,561
69,91,85,65,68,622
75,82,78,63,119,583
99,75,77,96,81,572
82,87,86,88,79,578
82,70,83,93,120,552
80,105,70,88,90,567
85,80,88,95,83,569
121,82,87,82,69,559
69,80,82,76,114,579
87,93,81,100,75,564
107,105,83,72,68,565
88,71,103,97,90,551
92,91,89,86,77,565
66,83,79,80,107,585
67,73,99,150,98,513
89,63,95,85,99,569
102,92,96,76,80,554
77,80,81,72,71,619
75,99,92,81,86,567
96,77,92,95,85,555
76,94,92,82,95,561
158,70,69,81,80,542
84,83,90,84,83,576
70,130,84,84,75,557
86,96,100,73,83,562
85,90,92,144,92,497
75,79,77,91,70,608
69,78,73,77,126,577
87,77,65,93,105,573
85,65,103,91,74,582
78,107,87,78,75,575
59,76,82,61,81,641
123,78,113,88,85,513
90,98,91,74,69,578
90,97,107,102,61,543
76,76,76,94,63,615
124,74,79,77,76,570
80,76,99,97,69,579
96,69,87,88,95,565
60,77,86,103,108,566
157,75,66,94,80,528
81,87,87,75,97,573
73,76,60,135,85,571
71,77,98,100,106,548
85,76,87,76,122,554
113,66,77,76,95,573
89,108,74,69,84,576
74,98,68,68,115,577
84,88,100,83,83,562
84,87,99,71,96,563
86,75,85,118,70,566
73,76,102,87,95,567
95,92,100,67,94,552
88,72,92,46,105,597
102,70,83,73,97,575
80,96,81,91,86,566
113,74,76,94,78,565
129,71,76,88,83,553
77,84,116,80,71,572
150,81,93,74,86,516
90,91,95,69,105,550
81,107,108,130,82,492
90,83,90,114,98,525
95,73,105,68,82,577
73,95,88,79,111,554
104,87,69,92,89,559
81,74,102,78,87,578
72,70,131,76,77,574
84,88,84,69,85,590
85,84,79,63,77,612
75,86,68,145,109,517
84,91,95,94,79,557
69,110,100,95,84,542
68,80,146,74,73,559
89,96,85,74,104,552
78,73,64,109,86,590
74,65,180,96,66,519
64,156,115,70,120,475
147,82,82,68,75,546
98,96,78,67,88,573
96,100,75,84,79,566
76,87,70,86,69,612
90,80,78,71,179,502
79,88,81,80,105,567
83,86,75,87,76,593
93,88,77,116,58,568
78,70,68,82,153,549
86,71,127,82,94,540
116,92,76,74,76,566
83,91,69,110,86,561
95,73,85,90,91,566
65,92,78,80,88,597
71,120,84,74,93,558
157,77,68,76,84,538
106,86,78,93,96,541
97,116,71,71,78,567
102,94,68,97,95,544
85,89,63,89,122,552
69,77,87,83,95,589
88,82,68,102,91,569
77,76,109,88,83,567
78,72,76,74,79,621
69,141,97,98,68,527
83,97,101,90,65,564
94,86,88,68,136,528
68,108,112,69,87,556
64,81,82,104,93,576
111,71,85,74,91,568
91,79,71,96,94,569
74,95,151,89,75,516
68,105,97,98,62,570
161,88,77,83,88,503
90,125,76,63,79,567
77,104,69,90,87,573
68,80,88,75,104,585
80,108,92,100,86,534
64,85,70,79,69,633
72,100,84,106,61,577
60,87,92,76,83,602
89,69,80,83,71,608
68,71,130,85,74,572
69,102,89,108,74,558
68,88,80,86,76,602
62,82,75,120,82,579
97,70,86,83,76,588
92,99,102,80,74,553
105,127,74,80,56,558
84,93,72,93,104,554
69,76,123,89,95,548
88,100,78,87,77,570
89,80,94,69,98,570
86,104,80,73,87,570
89,94,78,88,81,570
69,82,97,108,85,559
72,112,75,98,70,573
94,85,78,75,88,580
81,73,76,73,131,566
76,71,106,93,98,556
110,71,87,67,82,583
88,86,79,76,100,571
75,85,117,83,81,559
88,86,84,95,84,563
70,68,72,89,83,618
126,75,68,84,107,540
97,101,77,107,80,538
95,94,120,88,88,515
125,74,86,78,71,566
101,78,92,73,97,559
83,103,78,104,66,566
115,82,93,87,66,557
79,79,107,86,84,565
94,71,104,76,99,556
76,98,93,95,80,558
84,96,94,77,73,576
76,70,82,66,102,604
72,55,74,141,72,586
83,127,76,117,84,513
85,103,82,96,86,548
122,72,73,84,76,573
90,77,90,83,153,507
83,90,69,81,99,578
84,94,84,123,74,541
112,82,81,77,97,551
89,74,89,106,82,560
86,90,67,86,101,570
72,101,71,116,85,555
88,95,89,87,90,551
75,109,88,83,87,558
94,78,107,70,86,565
76,73,86,95,92,578
74,120,69,80,82,575
71,92,159,74,96,508
111,83,90,64,80,572
92,80,78,90,102,558
87,128,83,76,81,545
72,90,72,80,105,581
135,85,78,104,84,514
95,66,76,82,69,612
82,98,95,73,83,569
74,105,98,70,80,573
73,75,72,84,134,562
71,92,83,102,98,554
80,86,68,100,77,589
84,65,63,84,69,635
83,77,89,73,89,589
99,74,70,89,81,587
80,86,89,87,75,583
77,73,88,118,67,577
82,57,81,82,107,591
67,166,76,83,75,533
90,105,82,98,70,555
76,72,68,100,66,618
82,65,99,82,107,565
64,68,86,77,86,619
127,85,82,96,84,526
82,90,84,108,84,552
118,74,81,94,73,560
74,57,73,86,119,591
72,68,90,85,88,597
90,84,60,80,104,582
76,66,164,98,66,530
86,72,112,96,76,558
74,104,79,78,90,575
76,95,76,109,75,569
90,90,81,75,144,520
63,89,135,80,100,533
69,76,88,98,85,584
117,68,81,71,67,596
84,93,98,76,70,579
77,76,82,74,74,617
88,116,72,63,85,576
73,90,69,95,113,560
63,103,142,87,99,506
72,69,81,89,110,579
58,132,73,73,93,571
137,101,66,110,82,504
103,83,76,72,83,583
83,72,77,64,83,621
60,75,71,64,134,596
53,112,86,72,86,591
99,92,80,81,74,574
90,99,70,84,98,559
71,83,77,120,81,568
81,96,86,93,97,547
71,67,73,82,93,614
97,70,116,79,78,560
84,72,102,75,105,562
88,67,89,158,93,505
78,159,64,110,73,516
72,96,58,86,124,564
75,78,218,81,68,480
82,77,117,76,83,565
84,122,76,58,84,576
80,91,89,79,85,576
67,78,80,107,105,563
91,85,95,77,92,560
98,73,81,113,78,557
84,62,69,100,76,609
80,111,71,91,65,582
81,78,86,84,84,587
78,78,88,79,120,557
90,83,75,90,92,570
82,90,96,79,98,555
72,80,90,66,120,572
95,97,78,66,90,574
71,78,61,75,85,630
67,74,133,105,99,522
75,96,88,105,89,547
118,82,64,84,86,566
78,73,66,121,78,584
81,92,74,73,103,577
77,105,82,63,87,586
74,74,71,52,133,596
88,92,92,122,113,493
77,72,75,76,64,636
65,100,92,77,90,576
109,108,67,66,60,590
86,94,88,79,74,579
69,82,138,74,74,563
88,64,94,89,86,579
89,105,86,77,84,559
92,73,102,85,83,565
82,97,98,73,70,580
93,72,79,74,101,581
80,89,79,94,85,573
81,75,60,59,91,634
67,57,99,95,88,594
90,130,86,106,74,514
65,93,101,96,77,568
61,85,81,71,118,584
75,72,122,73,85,573
101,63,94,92,81,569
82,86,86,81,83,582
76,92,113,78,75,566
79,142,86,81,82,530
70,88,80,102,84,576
55,76,89,93,74,613
80,103,75,100,86,556
75,75,107,91,75,577
97,111,85,81,69,557
80,93,97,79,99,552
75,64,82,71,73,635
92,121,74,99,87,527
123,84,66,91,75,561
86,77,76,103,94,564
86,98,107,77,82,550
77,83,94,102,85,559
72,79,80,80,67,622
74,65,84,105,109,563
89,87,76,84,83,581
113,88,100,90,78,531
74,65,91,97,94,579
111,98,61,84,68,578
94,89,98,72,63,584
68,63,82,83,54,650
141,103,79,109,62,506
87,64,85,74,115,575
89,91,91,129,85,515
82,72,83,83,109,571
80,104,108,67,84,557
63,82,84,62,82,627
84,101,92,81,148,494
112,71,82,64,88,583
75,93,95,82,76,579
91,73,80,76,98,582
79,76,97,97,76,575
116,72,91,80,62,579
95,64,80,66,120,575
82,136,92,91,86,513
69,99,75,83,82,592
72,83,130,73,92,550
57,126,103,69,79,566
97,96,93,70,86,558
123,80,67,83,78,569
90,63,79,89,94,585
74,110,85,79,69,583
66,100,73,72,124,565
86,74,88,72,114,566
88,114,79,64,95,560
76,95,72,94,83,580
54,86,73,89,82,616
100,77,110,90,64,559
78,106,91,79,65,581
91,91,88,85,95,550
72,94,103,90,89,552
69,118,84,62,82,585
96,79,75,70,98,582
84,104,103,71,70,568
85,98,83,75,96,563
66,86,83,76,84,605
88,84,78,75,94,581
71,85,63,132,65,584
62,83,85,86,90,594
57,80,103,108,82,570
92,109,75,81,74,569
94,99,103,80,63,561
76,83,74,95,147,525
91,98,67,95,101,548
57,91,66,82,80,624
145,78,98,82,103,494
101,97,70,94,88,550
72,70,106,79,85,588
71,103,93,92,90,551
69,75,71,131,81,573
73,99,90,86,67,585
96,80,81,79,92,572
110,70,78,103,100,539
82,61,164,94,85,514
73,101,100,82,67,577
84,85,82,97,82,570
98,106,67,69,75,585
75,70,114,83,82,576
92,96,92,79,96,545
89,88,63,116,80,564
87,87,90,82,97,557
72,93,69,70,75,621
94,84,92,78,77,575
67,74,85,67,131,576
85,80,96,66,92,581
78,98,75,104,74,571
86,76,84,69,111,574
149,60,80,75,82,554
97,77,77,95,84,570
73,94,98,75,82,578
60,103,78,89,110,560
114,71,78,74,96,567
72,86,111,75,95,561
62,77,102,163,72,524
51,100,88,111,84,566
80,80,106,81,81,572
64,132,78,67,68,591
81,100,61,76,166,516
70,87,137,73,87,546
123,74,96,75,71,561
74,84,84,104,88,566
95,108,75,77,83,562
93,103,70,96,81,557
83,77,62,81,80,617
66,82,89,72,97,594
95,75,82,104,63,581
77,94,89,63,87,590
65,82,87,119,79,568
65,76,103,77,106,573
90,74,99,95,80,562
79,86,107,85,66,577
73,85,80,98,86,578
96,111,71,78,72,572
77,80,88,73,100,582
92,77,112,84,80,555
83,84,79,71,115,568
84,90,75,125,81,545
66,85,71,91,113,574
82,109,66,81,83,579
94,78,79,69,92,588
69,79,76,109,89,578
106,66,69,80,87,592
96,91,88,69,94,562
76,108,70,95,81,570
47,69,137,89,75,583
71,63,91,99,88,588
112,84,78,95,64,567
66,99,102,89,54,590
90,88,77,86,82,577
94,95,93,69,84,565
73,93,75,75,65,619
71,114,74,81,93,567
140,86,76,71,103,524
104,80,89,77,70,580
86,86,82,65,112,569
78,97,84,127,88,526
103,72,94,94,77,560
98,69,87,85,96,565
84,59,84,77,82,614
85,118,81,72,76,568
103,100,77,73,82,565
65,79,117,79,76,584
87,85,88,89,104,547
82,107,63,88,87,573
79,66,120,71,84,580
92,85,92,67,96,568
100,68,106,86,93,547
69,112,86,71,88,574
61,81,73,149,105,531
131,83,94,80,75,537
80,64,79,109,91,577
77,114,84,83,81,561
78,88,72,72,89,601
104,79,73,99,81,564
90,102,100,73,63,572
105,92,79,83,87,554
76,116,67,109,68,564
81,93,124,76,69,557
71,78,97,74,107,573
60,89,99,81,99,572
57,125,92,80,76,570
92,94,81,91,70,572
77,81,79,65,93,605
96,70,87,197,77,473
81,105,85,102,65,562
95,104,79,85,98,539
130,76,58,75,76,585
90,63,127,63,79,578
100,83,89,101,79,548
95,66,94,77,99,569
72,95,72,101,70,590
68,80,75,92,107,578
94,103,73,84,86,560
83,97,63,82,123,552
66,84,68,85,77,620
63,72,98,106,80,581
127,72,87,93,102,519
73,68,71,75,86,627
63,98,97,79,82,581
77,78,80,80,110,575
73,121,79,77,90,560
80,79,71,119,84,567
89,77,90,105,72,567
72,60,80,70,80,638
84,67,77,81,96,595
74,134,68,75,72,577
76,83,107,75,69,590
101,77,76,76,93,577
76,137,91,92,75,529
95,90,74,98,66,577
78,67,97,96,108,554
119,70,87,87,79,558
79,120,78,76,72,575
55,93,78,82,76,616
76,85,79,77,118,565
96,74,98,74,102,556
89,100,84,90,85,552
65,81,75,76,81,622
72,98,90,105,72,563
89,87,83,89,91,561
66,67,72,81,81,633
95,75,81,78,113,558
72,61,97,104,74,592
72,155,87,97,66,523
80,98,80,78,137,527
107,68,72,61,91,601
77,88,99,92,99,545
95,77,84,84,95,565
84,110,80,79,83,564
85,92,79,84,91,569
89,65,77,120,79,570
87,81,78,84,99,571
71,69,123,72,84,581
70,75,90,146,105,514
95,77,90,88,78,572
80,86,85,109,72,568
102,73,84,95,67,579
83,67,104,80,101,565
97,97,89,64,88,565
69,81,74,88,104,584
57,85,68,75,90,625
86,108,78,69,79,580
80,68,99,101,75,577
67,96,84,92,114,547
75,63,131,70,84,577
85,81,77,80,101,576
64,92,126,87,100,531
64,82,90,76,86,602
106,77,67,75,76,599
98,99,74,105,83,541
66,78,72,90,76,618
82,74,105,91,84,564
78,89,95,93,90,555
80,71,119,81,66,583
82,96,82,75,84,581
78,98,135,68,76,545
72,104,104,75,86,559
100,89,81,60,74,596
80,107,75,89,65,584
65,95,69,83,121,567
79,86,113,60,89,573
111,84,86,89,70,560
105,65,67,74,177,512
87,76,65,86,99,587
75,78,65,72,76,634
80,86,84,100,77,573
75,97,91,78,97,562
72,62,131,72,75,588
79,87,84,107,65,578
71,78,105,87,76,583
113,54,82,87,85,579
69,86,88,109,88,560
127,74,89,96,106,508
100,66,76,131,96,531
64,88,84,96,67,601
71,75,87,79,114,574
97,93,73,71,73,593
122,67,80,93,70,568
82,92,102,98,65,561
86,105,78,73,98,560
81,76,106,71,93,573
117,76,87,68,83,569
76,82,91,81,98,572
84,92,110,70,87,557
107,78,81,88,76,570
77,82,69,73,121,578
65,109,65,135,95,531
90,104,78,81,81,566
88,94,80,64,71,603
84,76,72,97,94,577
79,72,66,94,82,607
76,81,87,104,83,569
99,76,88,84,87,566
84,64,70,83,76,623
106,94,76,75,82,567
89,92,85,64,105,565
70,69,78,151,102,530
86,76,85,98,92,563
125,71,79,93,84,548
95,96,78,84,71,576
74,84,101,73,93,575
115,73,91,69,79,573
83,80,95,79,90,573
59,80,93,96,106,566
72,67,87,82,81,611
68,95,86,80,95,576
73,103,87,99,70,568
64,94,84,82,111,565
162,86,62,68,107,515
96,67,122,89,85,541
92,98,86,96,72,556
103,80,89,103,74,551
85,165,80,78,65,527
61,98,94,79,86,582
92,98,87,107,71,545
60,77,108,98,92,565
87,91,92,74,86,570
85,102,82,67,107,557
78,71,138,94,91,528
111,93,86,63,82,565
74,83,98,97,74,574
71,80,105,108,68,568
83,104,103,87,84,539
97,77,80,70,109,567
78,82,71,66,96,607
91,98,83,83,80,565
128,70,74,68,70,590
90,77,73,109,76,575
67,96,94,89,80,574
59,101,81,118,101,540
88,70,90,98,67,587
79,105,76,82,66,592
56,87,70,78,113,596
140,104,72,74,89,521
104,70,90,130,79,527
93,134,96,80,74,523
65,98,79,70,116,572
83,95,85,91,87,559
125,96,68,77,69,565
90,74,118,66,74,578
73,79,85,111,73,579
72,76,82,90,155,525
89,102,104,60,95,550
84,84,88,107,91,546
66,138,74,85,67,570
101,87,70,89,94,559
87,73,61,77,85,617
79,90,97,79,83,572
103,75,73,89,92,568
90,151,93,98,74,494
74,102,72,77,64,611
78,93,73,96,84,576
91,77,58,100,111,563
87,70,65,74,94,610
78,93,54,138,108,529
76,100,155,97,78,494
120,78,94,112,85,511
75,101,66,72,162,524
70,79,76,107,96,572
136,104,92,88,72,508
83,70,72,69,66,640
113,78,61,95,92,561
75,78,106,83,74,584
98,91,100,63,76,572
87,103,66,128,93,523
78,107,89,96,74,556
105,77,80,88,77,573
90,107,82,105,78,538
73,72,124,88,63,580
72,92,94,76,89,577
78,115,85,68,86,568
94,74,77,108,83,564
80,95,99,96,72,558
81,84,78,82,106,569
100,79,106,83,77,555
113,76,88,72,153,498
88,88,81,87,96,560
84,82,73,61,78,622
84,72,73,121,75,575
75,62,113,89,70,591
85,134,89,83,98,511
146,103,82,78,68,523
96,69,100,71,98,566
78,62,87,98,103,572
80,60,75,86,98,601
71,118,68,84,97,562
70,97,108,66,88,571
70,80,81,89,108,572
79,83,89,84,96,569
78,74,102,103,79,564
84,78,81,93,98,566
85,82,95,86,80,572
103,75,80,77,104,561
93,72,88,122,82,543
77,67,83,90,79,604
96,78,82,81,78,585
89,72,66,113,81,579
79,93,131,88,89,520
114,85,97,74,69,561
93,75,79,84,94,575
95,126,70,73,80,556
89,92,78,67,105,569
86,71,118,138,76,511
120,71,84,80,78,567
85,112,63,88,131,521
69,83,76,83,71,618
153,68,81,96,101,501
92,65,108,74,88,573
79,130,82,95,85,529
122,87,89,75,101,526
88,90,94,131,89,508
94,108,71,91,73,563
75,67,87,105,78,588
94,87,66,113,74,566
89,67,117,75,81,571
90,74,95,92,73,576
73,71,80,84,190,502
94,81,134,70,113,508
82,75,103,119,71,550
94,91,113,84,59,559
76,78,92,90,114,550
108,63,89,74,87,579
94,56,76,103,83,588
82,103,74,99,74,568
67,81,125,90,69,568
141,100,95,68,90,506
97,95,105,69,77,557
81,70,91,66,111,581
120,72,77,105,84,542
80,70,65,70,77,638
90,89,85,65,95,576
81,85,76,94,103,561
70,118,67,92,93,560
97,88,75,85,87,568
93,77,86,99,77,568
96,102,85,95,81,541
87,75,83,87,120,548
99,157,72,76,89,507
90,108,85,74,96,547
93,79,97,92,74,565
84,118,82,81,60,575
133,94,67,76,60,570
89,94,62,89,94,572
84,81,105,64,88,578
103,70,82,95,80,570
81,121,63,82,82,571
75,82,87,88,99,569
90,89,95,80,102,544
67,78,80,71,82,622
72,58,72,121,79,598
82,120,120,101,66,511
97,87,87,111,72,546
89,75,79,80,51,626
122,82,78,77,80,561
90,117,64,68,76,585
70,91,68,106,106,559
64,80,61,93,87,615
80,78,79,91,93,579
77,67,60,128,107,561
83,100,119,104,77,517
74,83,85,92,113,553
62,120,85,83,84,566
96,81,85,93,133,512
58,76,75,76,99,616
91,77,76,110,84,562
90,68,69,74,114,585
104,132,88,72,83,521
81,88,106,88,69,568
70,91,83,74,67,615
88,100,96,69,80,567
78,103,75,91,101,552
75,73,119,81,67,585
69,117,97,86,71,560
101,94,76,80,95,554
92,79,60,134,79,556
132,80,82,78,60,568
94,77,82,80,101,566
87,70,122,67,76,578
92,99,88,89,69,563
97,99,74,75,93,562
86,86,120,74,88,546
73,65,90,86,100,586
77,90,74,100,90,569
76,76,106,76,90,576
131,71,86,67,82,563
97,63,98,58,93,591
71,104,74,179,97,475
99,83,63,105,73,577
63,80,142,78,104,533
115,73,107,74,92,539
78,73,86,121,56,586
79,100,74,85,112,550
102,75,90,72,109,552
88,87,74,57,79,615
74,73,95,64,108,586
72,100,67,147,84,530
64,84,89,84,92,587
95,88,76,72,79,590
80,78,92,80,106,564
97,81,75,153,84,510
140,89,63,96,78,534
80,75,102,87,70,586
74,71,79,70,120,586
74,80,93,91,107,555
99,103,69,74,97,558
84,89,146,63,105,513
77,118,94,81,92,538
111,82,70,74,87,576
77,113,101,62,81,566
83,78,71,100,102,566
92,80,84,92,96,556
119,82,65,74,85,575
92,70,111,76,79,572
78,71,81,73,114,583
115,71,73,64,89,588
77,89,77,131,80,546
71,95,110,80,77,567
104,75,85,101,83,552
81,108,85,87,83,556
67,84,69,80,85,615
95,76,74,98,92,565
75,72,119,78,83,573
99,86,81,70,95,569
76,63,70,123,94,574
80,78,69,87,96,590
121,82,70,85,87,555
85,81,92,80,88,574
73,76,85,121,81,564
103,91,80,94,72,560
81,132,71,71,69,576
75,94,66,144,91,530
85,82,77,88,86,582
80,75,63,80,79,623
103,70,90,100,87,550
86,67,78,79,103,587
80,78,94,95,84,569
68,78,80,88,132,554
72,87,98,90,93,560
79,99,78,106,80,558
80,82,129,90,76,543
116,69,86,81,78,570
84,96,74,67,101,578
99,77,90,82,77,575
87,78,96,88,91,560
75,110,83,77,92,563
110,84,69,85,56,596
69,90,93,93,73,582
88,68,99,79,77,589
72,125,82,77,79,565
87,94,84,77,87,571
82,90,75,109,75,569
87,88,89,102,88,546
72,76,106,83,95,568
74,93,74,75,114,570
175,75,65,84,79,522
103,80,81,91,83,562
85,74,127,82,76,556
79,59,96,68,116,582
86,131,80,95,95,513
61,82,74,125,80,578
66,83,82,105,98,566
121,98,103,76,100,502
95,102,84,86,65,568
79,116,75,67,77,586
77,74,83,62,62,642
114,79,106,70,60,571
82,79,72,81,103,583
76,103,88,75,80,578
58,101,180,72,68,521
59,80,108,93,82,578
93,96,86,68,75,582
66,62,89,137,71,575
79,88,83,102,100,548
120,88,82,79,75,556
95,76,58,103,84,584
77,80,53,89,82,619
90,91,75,105,82,557
106,99,71,86,77,561
88,85,66,95,90,576
76,68,69,73,180,534
90,75,74,88,115,558
80,83,88,89,98,562
83,116,91,71,71,568
69,91,88,79,99,574
122,77,81,75,84,561
80,141,74,99,66,540
81,94,96,74,65,590
120,92,76,62,83,567
87,80,89,81,75,588
81,89,67,108,77,578
77,78,87,86,106,566
121,89,74,67,83,566
74,99,79,89,89,570
73,87,113,79,77,571
137,65,103,92,93,510
90,155,66,68,86,535
86,93,85,132,81,523
123,101,72,88,72,544
101,77,121,61,73,567
79,82,86,134,82,537
73,88,67,90,84,598
95,73,85,103,69,575
69,88,82,112,96,553
118,70,76,82,83,571
92,97,100,73,72,566
77,68,86,106,84,579
92,88,70,91,87,572
80,79,97,78,80,586
70,83,87,118,64,578
81,99,88,76,84,572
88,70,76,120,70,576
78,90,94,101,80,557
74,63,79,92,155,537
74,78,121,102,111,514
76,78,82,74,73,617
78,81,77,75,68,621
107,90,67,91,88,557
115,80,72,82,105,546
91,82,77,103,73,574
75,83,66,94,113,569
80,105,135,76,92,512
107,90,92,69,77,565
84,96,88,89,82,561
107,75,69,73,75,601
94,80,89,128,89,520
68,69,86,81,83,613
97,89,75,71,102,566
97,82,63,108,78,572
78,131,73,88,61,569
99,99,69,104,75,554
82,69,103,74,99,573
79,64,77,115,85,580
74,92,99,81,88,566
62,85,76,134,75,568
91,85,67,93,99,565
86,82,101,119,78,534
76,172,83,79,66,524
90,100,93,96,66,555
76,89,87,83,107,558
121,79,75,74,99,552
81,71,74,83,107,584
75,114,82,74,72,583
61,91,81,75,126,566
72,84,79,118,88,559
82,79,113,78,84,564
103,69,85,82,98,563
92,57,85,114,77,575
76,94,78,86,79,587
89,68,87,108,73,575
69,150,78,73,81,549
130,98,95,68,70,539
95,80,70,64,120,571
86,77,121,74,94,548
79,115,78,85,85,558
74,83,61,74,117,591
80,82,94,96,76,572
95,95,86,89,68,567
91,75,72,66,53,643
88,72,96,96,128,520
