Groups 1,Groups 2,Groups 3,Groups 4,Groups 5,free agent
100,100,100,100,100,500
79,70,76,63,81,631
65,94,81,165,67,528
181,81,75,94,97,472
97,85,92,88,81,557
65,81,80,78,69,627
99,73,77,114,61,576
84,60,117,100,91,548
90,77,98,70,69,596
90,95,77,86,73,579
89,83,104,74,90,560
75,70,78,90,100,587
65,65,190,86,88,506
73,90,109,73,84,571
131,65,72,68,64,600
86,93,71,95,66,589
84,66,92,114,54,590
101,102,69,94,74,560
100,91,97,77,68,567
87,81,80,98,71,583
69,71,79,97,64,620
73,93,91,77,87,579
94,79,85,75,107,560
79,93,77,96,88,567
102,86,74,82,72,584
75,76,100,92,93,564
91,92,97,76,87,557
93,56,75,97,99,580
83,158,72,81,87,519
74,87,78,75,120,566
111,68,72,86,85,578
96,170,76,70,82,506
67,108,74,78,102,571
98,86,72,139,93,512
62,86,111,72,90,579
62,79,75,99,116,569
118,60,75,81,81,585
67,62,71,77,116,607
100,92,70,84,88,566
77,131,68,69,78,577
86,110,86,76,92,550
81,90,75,111,85,558
78,75,118,80,81,568
95,103,83,74,63,582
115,69,151,78,83,504
78,156,95,74,61,536
100,88,83,82,129,518
78,72,99,96,93,562
71,73,88,64,124,580
71,84,100,106,96,543
112,71,80,83,88,566
98,76,60,59,137,570
68,99,67,77,97,592
77,72,97,68,80,606
87,93,86,84,63,587
98,97,91,66,82,566
75,69,66,148,96,546
98,79,89,84,84,566
92,70,74,116,84,564
84,74,116,71,88,567
83,80,88,128,100,521
96,78,88,82,72,584
86,80,72,84,98,580
71,112,134,84,73,526
71,80,80,77,107,585
66,94,66,92,104,578
70,127,76,75,71,581
81,104,98,73,76,568
71,99,77,92,144,517
97,71,93,87,88,564
118,72,88,81,72,569
80,91,92,92,84,561
77,72,74,78,87,612
67,78,138,89,115,513
116,68,95,105,78,538
87,78,83,89,97,566
111,89,88,70,101,541
102,76,74,101,95,552
90,84,98,80,69,579
68,90,92,92,79,579
117,91,65,79,70,578
89,113,87,76,80,555
72,75,81,129,76,567
84,82,99,88,87,560
109,93,75,78,79,566
75,88,85,116,95,541
83,112,73,72,83,577
82,84,106,60,77,591
102,90,90,119,78,521
84,90,90,75,107,554
74,72,81,66,82,625
145,80,78,93,74,530
105,98,66,74,84,573
95,82,59,151,102,511
80,106,62,98,90,564
80,91,155,72,78,524
62,73,109,170,72,514
128,76,93,103,90,510
99,121,80,69,103,528
81,93,86,100,63,577
50,103,78,122,80,567
81,82,71,89,87,590
67,101,92,66,101,573
89,90,88,82,77,574
96,77,88,97,72,570
73,80,85,80,106,576
141,94,71,102,93,499
100,99,62,84,89,566
85,66,68,61,75,645
71,72,99,104,79,575
61,140,87,81,72,559
112,103,75,65,83,562
95,96,61,116,71,561
80,74,107,100,75,564
74,117,87,83,78,561
117,91,83,91,82,536
88,62,70,74,64,642
90,121,104,71,83,531
76,92,83,90,104,555
84,108,95,65,83,565
88,77,88,82,82,583
72,71,76,78,122,581
124,65,93,76,81,561
91,83,80,100,60,586
85,72,75,77,61,630
77,81,96,89,93,564
65,77,120,82,90,566
97,99,80,75,76,573
91,97,66,67,123,556
91,109,75,69,85,571
84,80,81,64,77,614
94,90,69,85,95,567
80,74,124,69,84,569
72,74,99,74,74,607
103,79,66,98,69,585
91,77,118,91,66,557
101,98,86,67,75,573
94,86,64,102,96,558
99,83,102,70,82,564
93,108,76,89,71,563
70,85,69,76,122,578
71,93,93,98,76,569
121,92,84,69,79,555
104,80,97,93,67,559
103,95,80,109,60,553
82,88,87,100,145,498
103,86,74,94,99,544
89,79,110,91,90,541
80,66,68,72,73,641
78,76,71,96,104,575
75,125,73,78,81,568
67,87,85,83,98,580
63,88,69,78,128,574
56,77,99,76,81,611
54,121,93,152,90,490
184,76,83,104,77,476
103,113,80,82,65,557
78,93,65,83,71,610
73,84,81,87,99,576
73,75,69,79,92,612
90,85,90,93,88,554
62,72,83,82,119,582
129,101,81,81,87,521
91,81,82,79,106,561
97,84,79,101,83,556
81,75,75,83,81,605
81,78,120,87,61,573
77,77,86,64,153,543
114,70,61,78,107,570
90,88,91,91,72,568
54,77,75,110,97,587
90,70,100,96,76,568
85,122,106,77,95,515
98,99,93,98,59,553
83,80,68,91,116,562
107,66,134,89,99,505
88,110,84,72,69,577
88,88,74,105,68,577
69,81,85,68,98,599
148,81,95,89,93,494
85,73,77,76,72,617
85,81,90,79,98,567
81,97,86,79,64,593
100,82,82,77,75,584
83,81,83,78,112,563
89,76,103,147,88,497
71,114,87,98,82,548
85,71,84,63,108,589
72,95,75,104,94,560
91,96,90,96,78,549
78,70,144,74,77,557
90,91,91,123,94,511
90,88,111,85,77,549
86,82,84,100,91,557
101,86,99,82,89,543
77,76,89,92,106,560
62,76,70,72,85,635
62,97,79,93,96,573
132,85,86,97,76,524
90,94,76,78,79,583
64,123,57,84,86,586
74,94,128,70,108,526
102,79,82,75,95,567
76,76,74,112,89,573
73,93,99,98,78,559
114,66,91,89,70,570
90,139,75,90,90,516
73,112,68,64,85,598
98,88,75,70,96,573
107,104,77,51,75,586
67,97,77,73,101,585
80,91,116,67,92,554
65,82,70,64,88,631
58,71,72,99,97,603
121,64,72,81,86,576
75,146,95,66,80,538
75,82,84,84,92,583
66,67,106,75,112,574
137,96,90,82,93,502
95,88,121,59,64,573
81,80,77,114,66,582
142,86,81,89,95,507
88,110,65,73,77,587
83,83,96,84,92,562
68,76,74,82,79,621
79,116,79,76,81,569
94,104,105,71,71,555
94,88,80,88,84,566
77,85,121,72,75,570
91,75,105,93,78,558
101,80,84,85,87,563
87,104,72,70,82,585
66,89,151,83,83,528
67,83,89,64,123,574
95,96,76,73,81,579
89,87,121,85,75,543
71,70,82,75,161,541
75,66,65,124,106,564
104,75,89,90,77,565
72,72,86,69,110,591
72,93,90,88,86,571
80,111,81,98,98,532
73,71,81,122,79,574
83,86,92,92,83,564
64,82,108,92,97,557
78,156,77,80,79,530
75,119,91,87,86,542
61,87,88,121,82,561
168,84,67,84,77,520
109,90,65,86,85,565
96,89,88,102,57,568
86,70,79,89,64,612
74,105,121,76,63,561
95,79,96,88,85,557
92,93,85,86,99,545
97,75,105,79,70,574
83,56,87,87,58,629
79,68,95,80,108,570
91,83,78,79,95,574
75,99,115,74,73,564
76,78,95,135,108,508
84,90,78,96,73,579
67,75,96,110,87,565
88,78,89,98,90,557
86,72,75,69,80,618
85,64,124,63,77,587
80,73,106,82,99,560
68,61,117,110,84,560
90,90,80,98,73,569
71,103,90,100,78,558
65,88,124,80,79,564
59,75,91,79,112,584
87,79,84,86,79,585
83,92,92,85,147,501
101,81,84,90,82,562
95,159,75,66,108,497
89,85,88,75,80,583
100,81,81,91,83,564
84,75,75,71,72,623
81,87,85,62,104,581
112,86,74,67,84,577
92,69,67,100,82,590
73,68,72,100,125,562
92,98,75,83,88,564
77,63,64,81,78,637
56,89,89,77,71,618
198,67,97,75,107,456
104,69,72,72,107,576
83,96,91,77,89,564
89,68,119,81,79,564
93,161,94,78,67,507
81,97,107,84,84,547
94,70,65,78,100,593
89,52,87,99,85,588
92,148,69,80,76,535
103,91,87,81,70,568
94,85,75,83,156,507
98,75,71,114,93,549
82,56,124,74,89,575
79,87,91,97,84,562
89,82,85,95,92,557
73,78,62,118,80,589
102,79,89,88,74,568
150,77,86,72,60,555
96,69,83,136,85,531
80,74,77,92,115,562
77,68,74,118,90,573
98,80,91,73,84,574
96,89,65,99,73,578
93,78,129,69,64,567
86,77,95,85,98,559
72,125,74,70,78,581
69,103,91,96,85,556
96,81,78,77,85,583
67,95,74,97,84,583
71,74,130,88,68,569
66,69,86,129,66,584
109,92,87,88,55,569
81,79,75,94,91,580
96,91,76,78,80,579
83,86,70,79,122,560
81,73,93,104,89,560
102,92,84,80,85,557
82,70,76,70,119,583
76,98,82,133,86,525
68,117,84,75,76,580
111,91,72,83,74,569
75,81,75,111,76,582
123,80,74,87,59,577
83,80,139,75,75,548
81,71,87,150,83,528
71,111,73,116,82,547
61,81,86,90,112,570
85,80,98,90,92,555
70,70,98,76,74,612
73,75,128,143,68,513
74,69,87,97,139,534
97,69,100,71,101,562
89,122,70,72,68,579
87,83,95,63,104,568
73,76,76,120,66,589
65,82,71,89,72,621
80,106,81,78,103,552
67,90,71,74,90,608
84,85,86,93,84,568
95,88,96,71,85,565
102,106,69,85,75,563
87,83,75,76,118,561
97,95,59,91,81,577
70,100,130,73,84,543
87,92,80,76,108,557
86,77,61,63,81,632
97,86,72,86,81,578
88,89,74,103,155,491
79,115,66,84,107,549
61,96,143,90,79,531
91,71,85,85,94,574
83,86,91,96,85,559
69,120,82,91,78,560
85,80,114,76,52,593
90,72,80,88,81,589
104,83,89,85,109,530
86,71,128,80,94,541
89,76,78,76,108,573
75,71,91,111,82,570
98,87,90,77,69,579
90,77,82,140,87,524
101,69,88,91,78,573
70,138,107,84,94,507
136,93,67,70,107,527
95,82,126,89,90,518
78,115,90,76,73,568
81,78,94,68,101,578
90,82,87,71,89,581
71,146,100,99,77,507
79,73,86,81,147,534
80,60,102,80,82,596
62,73,79,133,69,584
86,91,88,96,85,554
83,87,69,108,107,546
73,74,123,76,90,564
109,83,86,79,75,568
78,70,125,71,60,596
101,65,79,95,132,528
84,104,73,88,85,566
79,75,119,78,84,565
81,64,70,126,72,587
95,93,65,90,98,559
80,123,75,67,83,572
92,92,83,88,86,559
92,80,61,78,111,578
78,108,69,89,82,574
118,87,84,78,84,549
84,86,91,79,115,545
113,67,80,77,95,568
73,95,99,90,83,560
69,86,82,110,91,562
83,85,129,84,63,556
165,82,93,82,56,522
109,98,79,88,114,512
89,73,69,65,83,621
73,127,65,64,82,589
79,97,71,83,86,584
101,73,95,69,80,582
83,76,72,168,77,524
99,85,63,98,97,558
85,72,139,69,97,538
63,97,88,87,70,595
88,73,91,81,92,575
87,95,80,97,85,556
95,75,144,78,86,522
58,110,107,67,84,574
203,87,96,71,70,473
112,75,93,85,73,562
78,112,82,69,74,585
95,103,110,75,72,545
84,105,79,85,76,571
97,88,85,98,71,561
85,77,116,71,85,566
90,70,82,71,69,618
87,133,74,101,57,548
96,89,98,72,76,569
86,66,88,125,75,560
91,108,73,99,78,551
111,79,102,74,70,564
91,121,71,74,59,584
81,100,94,74,88,563
78,81,77,69,72,623
81,82,86,72,103,576
99,68,84,88,95,566
86,67,79,87,78,603
74,105,75,89,69,588
92,69,81,89,91,578
71,74,71,77,70,637
86,86,87,84,73,584
75,101,74,88,99,563
94,76,95,82,66,587
76,67,122,73,58,604
105,91,87,69,85,563
87,82,75,108,66,582
74,83,61,90,107,585
99,88,65,87,87,574
81,102,90,74,93,560
68,80,95,97,78,582
98,111,68,89,74,560
74,85,88,72,97,584
77,77,123,75,73,575
75,70,97,77,120,561
93,85,87,68,85,582
80,104,82,92,75,567
62,85,72,80,118,583
137,71,88,77,77,550
96,74,77,62,69,622
78,94,77,100,72,579
80,97,91,101,144,487
81,89,99,75,100,556
72,88,99,160,90,491
91,65,79,106,100,559
127,58,79,67,92,577
102,83,91,102,70,552
74,93,99,87,71,576
71,77,64,76,68,644
86,104,96,68,74,572
107,83,64,92,87,567
76,82,61,141,77,563
160,87,67,105,82,499
87,67,66,81,73,626
92,116,83,81,125,503
78,75,67,124,79,577
86,93,75,96,95,555
101,95,70,85,75,574
78,89,82,96,84,571
88,75,90,98,97,552
81,62,84,66,79,628
85,108,85,79,116,527
115,88,68,71,84,574
79,74,168,73,83,523
76,81,108,91,93,551
70,80,75,124,67,584
80,86,81,83,78,592
92,72,87,96,85,568
76,101,90,82,106,545
117,80,73,69,84,577
81,84,63,103,82,587
83,71,96,94,69,587
103,95,71,82,69,580
79,79,124,111,91,516
82,92,93,81,96,556
74,107,91,89,72,567
133,72,78,92,61,564
96,59,76,80,104,585
112,97,75,74,87,555
89,85,101,70,83,572
100,107,83,65,73,572
73,75,81,119,55,597
70,89,96,95,146,504
116,115,85,79,96,509
76,95,101,92,67,569
79,103,71,84,89,574
65,80,56,79,132,588
61,109,64,85,88,593
85,78,49,92,97,599
93,78,59,106,84,580
105,82,77,86,81,569
87,73,79,74,72,615
85,94,72,71,97,581
100,84,78,98,84,556
94,75,76,90,68,597
87,102,80,75,91,565
77,138,66,73,75,571
67,102,87,93,75,576
108,83,97,90,104,518
88,134,68,70,83,557
85,91,97,85,76,566
104,91,69,73,137,526
82,81,95,89,103,550
78,67,73,69,82,631
81,166,77,80,69,527
96,107,92,72,73,560
76,94,89,85,99,557
69,75,93,68,83,612
61,127,96,71,73,572
77,102,75,87,97,562
76,73,114,73,91,573
110,71,103,76,65,575
101,101,87,104,75,532
85,86,75,68,78,608
85,89,84,85,90,567
82,75,77,89,72,605
97,95,77,72,84,575
80,80,98,74,116,552
88,65,75,131,96,545
111,64,75,107,84,559
81,106,76,85,68,584
120,71,74,77,67,591
103,59,66,71,130,571
82,113,83,108,93,521
72,72,66,150,74,566
70,84,121,100,89,536
72,112,71,75,76,594
75,95,93,72,100,565
81,99,87,98,86,549
91,73,61,84,87,604
85,112,68,75,76,584
70,95,90,92,76,577
119,67,78,96,70,570
80,86,81,91,90,572
93,85,106,81,71,564
71,102,83,71,108,565
92,95,78,86,74,575
104,75,91,94,70,566
80,109,85,87,83,556
76,73,79,122,70,580
91,79,90,87,79,574
76,128,78,85,67,566
70,84,92,88,146,520
104,77,75,64,101,579
98,110,71,67,87,567
91,85,62,125,77,560
74,89,89,91,99,558
68,101,93,74,94,570
81,92,74,107,61,585
101,83,89,87,78,562
83,65,80,82,100,590
108,75,93,76,83,565
86,89,82,82,98,563
67,78,123,68,96,568
121,89,99,81,91,519
77,83,79,78,129,554
72,80,83,95,96,574
90,71,84,80,110,565
67,66,83,64,100,620
87,91,75,79,93,575
75,69,117,80,116,543
55,76,69,77,90,633
135,103,68,93,81,520
93,79,104,77,83,564
90,88,91,84,75,572
69,75,74,79,132,571
75,69,90,93,98,575
75,118,74,77,85,571
65,87,74,78,86,610
83,59,69,102,93,594
77,76,92,86,99,570
81,106,80,74,105,554
85,87,80,112,79,557
106,93,79,88,69,565
90,71,105,88,74,572
68,55,117,92,96,572
87,55,85,110,79,584
82,61,126,93,75,563
78,130,103,76,93,520
95,89,71,81,71,593
76,87,75,82,112,568
103,77,80,95,67,578
77,111,99,92,77,544
65,83,81,82,119,570
93,74,60,96,93,584
106,95,66,68,114,551
83,106,142,72,78,519
68,73,83,93,96,587
63,117,77,72,89,582
67,84,99,71,109,570
86,70,74,172,75,523
81,74,75,109,104,557
70,78,77,84,85,606
66,101,79,84,84,586
115,66,71,92,78,578
74,109,75,97,62,583
68,81,109,92,91,559
59,77,89,71,81,623
74,115,85,90,83,553
73,102,122,79,73,551
89,86,84,93,82,566
129,78,73,74,79,567
92,82,134,99,64,529
83,82,76,118,81,560
72,128,77,85,70,568
97,97,102,76,70,558
116,71,83,71,92,567
103,72,76,97,75,577
85,109,73,90,120,523
134,74,64,78,92,558
104,68,73,100,82,573
76,99,71,89,96,569
142,83,72,116,85,502
90,78,77,85,69,601
70,93,83,75,78,601
84,65,67,101,92,591
98,68,68,117,86,563
83,71,64,106,76,600
83,91,139,98,86,503
96,69,86,86,94,569
117,92,86,61,75,569
94,81,85,82,95,563
63,80,104,103,81,569
70,95,84,94,100,557
85,115,74,90,82,554
94,83,53,90,66,614
79,87,140,88,91,515
61,106,96,80,73,584
83,92,85,68,88,584
106,86,70,100,83,555
80,98,82,85,94,561
84,79,63,81,78,615
78,106,57,89,99,571
78,89,90,80,88,575
106,82,79,73,93,567
69,97,89,82,107,556
123,70,75,77,102,553
84,93,60,145,84,534
118,66,80,94,80,562
105,63,133,71,70,558
79,86,88,88,91,568
75,82,77,87,72,607
96,64,65,123,99,553
89,87,137,84,75,528
84,86,98,79,88,565
101,91,87,82,71,568
68,102,77,106,65,582
96,81,104,85,82,552
92,88,98,99,85,538
87,79,71,91,78,594
82,84,173,74,75,512
94,98,90,61,97,560
84,88,74,95,96,563
90,87,132,87,112,492
71,72,87,123,74,573
94,102,70,82,65,587
87,105,148,91,64,505
78,122,88,80,59,573
93,89,105,70,82,561
86,115,74,92,85,548
76,94,81,84,65,600
84,85,66,82,90,593
82,82,83,84,81,588
93,75,79,97,98,558
78,101,86,84,76,575
74,79,85,81,65,616
77,74,102,95,86,566
79,110,83,85,80,563
77,70,98,72,104,579
83,64,91,75,96,591
105,110,81,74,76,554
78,93,73,69,120,567
71,88,108,66,85,582
93,81,78,68,90,590
85,78,78,65,86,608
84,80,110,86,84,556
91,78,85,60,89,597
81,84,73,66,111,585
78,106,91,54,88,583
66,85,78,181,82,508
61,91,92,113,66,577
73,79,82,85,89,592
76,58,93,110,74,589
64,96,82,77,100,581
97,78,97,67,102,559
139,81,73,71,69,567
93,75,66,134,94,538
108,82,84,75,80,571
98,79,62,71,120,570
97,80,131,80,91,521
75,102,94,90,77,562
98,80,89,79,87,567
78,72,95,99,75,581
99,72,66,87,94,582
68,74,153,98,86,521
100,95,111,94,84,516
121,78,74,72,79,576
88,96,92,86,85,553
61,90,77,69,80,623
87,80,101,90,78,564
88,93,74,109,68,568
103,65,101,71,80,580
94,125,87,93,89,512
64,85,80,70,73,628
62,86,97,101,68,586
92,79,87,94,84,564
68,118,70,73,80,591
80,80,86,83,105,566
120,84,76,83,84,553
90,82,80,72,71,605
76,104,89,60,103,568
69,77,88,58,98,610
92,76,95,83,84,570
82,78,77,94,73,596
79,77,86,127,73,558
75,131,72,104,74,544
77,75,95,81,114,558
77,112,74,76,85,576
73,102,98,92,76,559
81,93,71,104,94,557
72,138,70,79,71,570
71,102,66,110,102,549
105,94,70,71,95,565
72,95,60,90,113,570
91,80,85,88,92,564
69,87,73,85,76,610
71,69,78,74,85,623
93,77,71,97,78,584
85,75,62,73,64,641
91,73,154,70,82,530
70,84,119,80,73,574
88,75,89,103,147,498
82,109,81,72,91,565
101,89,105,69,73,563
82,90,81,130,80,537
71,80,70,84,122,573
93,90,79,84,93,561
83,77,66,67,126,581
84,86,81,96,96,557
119,71,71,79,78,582
94,84,70,95,107,550
56,74,183,68,75,544
106,89,120,61,82,542
79,100,72,94,82,573
102,78,97,87,78,558
90,114,93,79,69,555
109,91,81,93,65,561
86,86,127,83,86,532
62,64,84,84,67,639
99,75,64,105,71,586
83,86,142,69,95,525
90,74,79,76,84,597
80,71,73,89,79,608
70,97,94,75,120,544
80,84,109,71,89,567
60,76,86,113,73,592
95,92,73,95,114,531
92,82,88,84,88,566
77,100,163,77,61,522
93,91,102,126,78,510
72,87,69,80,115,577
104,57,79,110,80,570
95,119,60,92,80,554
86,95,88,95,123,513
88,103,76,82,89,562
108,90,97,72,71,562
82,68,87,70,70,623
83,98,74,71,109,565
72,121,76,79,75,577
94,81,144,79,72,530
96,76,91,78,75,584
94,67,77,66,73,623
90,87,92,90,60,581
75,98,93,87,99,548
76,82,71,70,82,619
81,132,73,76,73,565
102,100,64,63,107,564
84,71,120,57,90,578
93,89,112,144,88,474
83,75,78,84,107,573
80,103,111,60,82,564
97,96,82,83,72,570
76,69,103,79,105,568
148,78,95,91,82,506
86,90,82,78,91,573
106,74,64,98,79,579
75,121,63,86,76,579
99,83,86,72,73,587
91,77,108,70,88,566
92,79,84,95,78,572
102,77,70,88,107,556
89,77,118,70,88,558
62,91,72,112,89,574
91,95,75,87,101,551
80,92,79,84,108,557
65,108,75,92,81,579
65,83,68,89,124,571
76,66,135,72,84,567
95,120,104,79,84,518
83,81,78,134,111,513
72,99,133,108,96,492
103,82,80,80,83,572
106,87,88,79,76,564
88,67,62,96,104,583
73,97,94,95,74,567
127,72,84,90,74,553
81,92,104,75,90,558
64,77,93,119,84,563
118,65,71,86,78,582
86,118,63,79,77,577
80,84,155,91,80,510
69,66,91,132,76,566
71,164,76,94,74,521
165,99,72,73,60,531
108,87,65,85,84,571
84,94,86,96,74,566
103,76,99,98,74,550
76,100,88,84,92,560
68,62,124,76,74,596
113,113,87,104,80,503
81,94,79,69,114,563
86,75,96,103,85,555
71,85,118,91,67,568
100,82,85,81,74,578
80,90,61,73,113,583
93,79,88,86,89,565
114,79,81,79,69,578
96,64,72,66,117,585
85,121,68,58,80,588
83,70,91,84,105,567
92,66,98,72,83,589
78,78,84,103,83,574
69,80,75,75,67,634
90,86,80,78,152,514
97,109,65,71,104,554
76,76,87,123,102,536
107,69,136,94,74,520
82,70,96,84,91,577
94,114,81,79,89,543
80,73,87,90,70,600
102,94,83,76,76,569
70,97,85,114,94,540
60,144,86,80,68,562
60,90,75,141,76,558
152,82,72,90,79,525
89,101,84,78,78,570
76,120,72,75,100,557
93,86,117,62,70,572
97,75,85,93,74,576
88,69,78,76,68,621
101,62,91,91,87,568
74,105,74,85,95,567
82,83,88,89,88,570
63,83,74,82,65,633
84,89,76,81,100,570
76,67,62,73,137,585
92,77,72,72,97,590
87,68,80,87,102,576
76,89,92,80,75,588
75,91,87,69,115,563
87,78,90,83,87,575
85,104,82,82,74,573
71,98,82,64,67,618
159,71,64,95,95,516
94,96,133,79,81,517
84,99,88,84,89,556
100,82,87,139,76,516
61,89,91,92,67,600
83,74,88,72,93,590
85,88,65,81,77,604
102,83,130,95,72,518
86,67,82,82,66,617
81,90,89,83,72,585
85,73,97,98,95,552
81,63,76,81,91,608
106,66,80,65,100,583
82,107,79,65,85,582
121,97,83,61,80,558
84,74,79,65,64,634
78,80,123,64,73,582
53,89,82,106,94,576
83,122,82,89,73,551
74,82,89,71,106,578
100,68,89,86,74,583
86,64,90,70,74,616
83,148,72,103,75,519
76,104,59,72,102,587
68,73,145,78,83,553
127,88,95,75,87,528
90,83,88,97,63,579
79,78,90,104,86,563
114,64,75,85,74,588
88,96,73,89,111,543
80,105,99,69,78,569
58,86,87,145,99,525
84,92,77,92,83,572
88,90,77,62,132,551
77,83,87,88,96,569
65,84,81,89,117,564
54,69,123,75,92,587
65,116,85,84,82,568
102,93,101,72,90,542
57,96,75,92,78,602
94,68,90,85,71,592
81,135,94,71,58,561
70,100,85,128,94,523
98,77,97,101,79,548
80,122,92,76,71,559
74,88,74,79,112,573
76,86,64,117,83,574
116,73,58,87,82,584
97,99,84,74,73,573
82,86,125,66,73,568
77,70,88,79,103,583
90,80,98,80,83,569
108,74,94,85,92,547
88,68,78,70,74,622
90,125,73,68,74,570
73,87,93,87,89,571
72,73,107,111,83,554
88,71,81,76,111,573
97,81,79,94,75,574
87,114,76,69,70,584
77,89,68,86,104,576
123,82,64,77,79,575
88,82,72,126,78,554
122,78,71,90,64,575
98,105,65,70,76,586
86,73,70,63,173,535
98,69,74,119,112,528
83,87,98,91,93,548
80,100,80,79,95,566
79,82,76,132,77,554
107,76,90,86,74,567
91,101,71,68,99,570
87,78,71,87,106,571
79,82,64,77,75,623
90,95,93,94,68,560
65,101,72,88,98,576
162,90,94,63,88,503
90,79,72,124,95,540
91,85,68,92,91,573
103,79,84,79,90,565
83,66,69,110,71,601
78,76,149,83,99,515
74,127,96,82,99,522
88,73,71,87,110,571
81,95,99,88,82,555
80,73,76,78,129,564
59,90,92,79,86,594
73,96,97,102,77,555
74,79,81,94,77,595
79,69,70,95,106,581
99,68,84,84,103,562
111,72,78,92,90,557
90,90,84,72,78,586
82,98,94,68,70,588
71,92,85,142,88,522
69,79,110,78,102,562
102,76,66,95,91,570
98,93,91,87,87,544
86,71,83,124,73,563
90,83,84,108,82,553
92,116,97,74,62,559
73,104,88,69,161,505
88,86,83,81,97,565
68,70,84,130,89,559
82,66,115,95,82,560
96,94,104,84,75,547
88,93,81,71,103,564
78,64,76,74,79,629
86,83,97,81,69,584
68,77,90,78,92,595
97,94,81,88,75,565
87,86,107,88,67,565
80,100,91,81,90,558
75,86,124,73,83,559
75,88,92,91,67,587
74,81,74,109,102,560
93,95,89,76,81,566
77,100,81,104,92,546
66,76,85,90,75,608
94,79,81,74,96,576
89,104,63,71,91,582
79,82,54,109,79,597
59,111,77,78,76,599
92,97,75,96,77,563
