Groups 1,Groups 2,Groups 3,Groups 4,Groups 5,free agent
100,100,100,100,100,500
86,70,81,83,86,594
85,105,92,66,76,576
74,96,69,65,109,587
82,90,96,86,83,563
86,63,91,90,113,557
84,87,87,102,73,567
87,73,78,92,148,522
81,62,67,65,98,627
88,134,65,63,95,555
105,71,73,92,73,586
85,98,67,74,105,571
66,79,64,121,82,588
74,96,71,82,95,582
60,102,89,75,93,581
90,88,78,104,76,564
104,70,114,72,69,571
83,54,98,81,126,558
64,148,87,62,96,543
102,88,110,63,91,546
77,69,77,62,82,633
77,65,164,80,81,533
104,64,98,72,77,585
91,127,87,78,69,548
74,94,76,67,110,579
74,86,76,160,65,539
69,96,74,111,81,569
68,69,124,87,68,584
65,72,93,102,97,571
123,64,79,110,67,557
85,98,86,77,71,583
91,87,86,93,82,561
108,82,64,75,94,577
73,85,117,63,87,575
68,89,89,76,82,596
66,125,71,73,73,592
164,88,63,77,69,539
100,74,59,69,68,630
95,82,79,87,80,577
110,83,75,74,98,560
82,63,69,67,74,645
82,133,66,68,80,571
87,99,85,88,95,546
86,71,109,98,64,572
91,91,86,71,129,532
81,66,75,124,77,577
84,81,105,90,73,567
105,95,96,77,75,552
91,90,90,105,69,555
81,69,130,82,73,565
69,87,104,88,73,579
91,75,75,78,104,577
87,67,117,66,90,573
81,104,98,86,82,549
96,83,72,85,92,572
79,66,120,70,85,580
109,82,85,88,96,540
83,59,69,107,91,591
82,74,104,87,88,565
135,62,80,73,86,564
93,51,89,109,64,594
90,85,85,108,89,543
102,79,87,77,96,559
77,73,77,80,85,608
68,93,80,105,83,571
77,94,61,88,120,560
98,83,67,100,100,552
98,73,77,90,108,554
96,93,135,85,73,518
77,82,91,65,79,606
110,63,70,94,83,580
80,78,68,89,82,603
74,106,76,76,79,589
82,94,50,138,96,540
91,78,95,95,76,565
79,117,85,68,78,573
72,96,91,73,99,569
168,89,79,69,79,516
82,73,91,65,86,603
73,86,84,121,86,550
112,83,72,89,83,561
83,93,92,82,78,572
93,106,92,80,71,558
86,80,81,105,97,551
90,70,120,91,58,571
80,104,106,81,90,539
84,102,84,95,81,554
66,82,73,71,124,584
81,82,101,76,90,570
77,103,95,78,97,550
73,84,131,80,72,560
91,72,91,79,90,577
87,94,87,103,72,557
72,83,83,90,148,524
78,91,93,94,99,545
64,116,85,76,80,579
67,82,80,100,97,574
75,157,105,84,70,509
86,100,94,85,90,545
109,87,80,67,78,579
87,108,70,68,94,573
89,92,87,89,88,555
70,61,129,61,105,574
62,86,87,102,63,600
81,76,105,78,92,568
111,68,98,68,83,572
94,147,98,70,75,516
89,126,76,70,81,558
91,99,71,87,77,575
76,99,78,84,103,560
74,85,80,69,88,604
86,71,77,74,85,607
121,66,133,79,83,518
75,147,90,78,78,532
90,117,72,96,93,532
102,79,84,84,87,564
72,68,79,71,71,639
176,66,85,74,74,525
117,83,87,86,81,546
76,77,108,73,105,561
80,122,92,81,79,546
113,95,70,104,74,544
92,84,150,83,99,492
69,91,90,98,81,571
100,81,71,68,95,585
96,77,153,88,81,505
81,124,97,77,67,554
58,80,92,70,117,583
103,83,63,100,78,573
97,83,91,79,76,574
89,84,117,72,71,567
79,98,83,74,89,577
80,110,87,101,66,556
68,85,96,80,88,583
124,85,72,70,86,563
78,76,72,122,75,577
100,70,81,70,107,572
81,127,92,93,90,517
120,83,76,74,84,563
77,82,88,103,79,571
76,74,99,90,94,567
100,95,69,66,87,583
88,86,156,66,84,520
125,72,97,66,81,559
85,114,70,75,70,586
77,108,81,107,64,563
68,88,110,86,79,569
145,99,87,71,71,527
80,82,100,94,99,545
71,113,86,87,71,572
66,87,77,71,73,626
76,83,78,86,103,574
70,70,96,101,76,587
89,84,71,90,78,588
86,78,61,76,126,573
80,77,70,69,88,616
76,107,77,92,85,563
72,84,83,67,176,518
104,82,64,106,112,532
109,81,126,73,91,520
97,67,91,108,67,570
89,77,69,79,120,566
109,80,69,82,82,578
90,87,108,78,69,568
80,74,82,75,114,575
92,72,100,82,89,565
77,118,80,67,83,575
125,84,78,66,79,568
89,75,80,75,91,590
75,71,76,116,85,577
73,86,91,75,101,574
103,78,77,97,86,559
85,120,74,76,85,560
92,98,75,83,85,567
122,74,70,74,82,578
93,66,102,101,92,546
83,102,80,87,75,573
69,78,77,73,73,630
73,115,84,75,68,585
74,98,92,85,90,561
75,89,126,72,79,559
83,106,84,78,67,582
69,110,103,92,78,548
65,81,86,93,87,588
90,75,86,110,86,553
119,69,73,86,82,571
113,129,83,106,61,508
92,86,76,84,144,518
75,91,86,101,93,554
149,87,70,93,91,510
106,80,160,77,71,506
85,67,88,62,104,594
72,70,90,108,90,570
80,94,83,86,96,561
101,83,76,74,78,588
77,90,135,66,74,558
55,81,95,73,110,586
59,108,86,97,90,560
120,91,94,80,99,516
77,69,69,61,137,587
90,80,83,87,101,559
98,67,123,84,79,549
91,122,86,95,76,530
75,85,67,85,77,611
108,74,109,81,79,549
83,80,90,76,117,554
68,71,81,72,78,630
124,72,99,87,83,535
68,66,98,70,87,611
116,65,86,153,77,503
111,68,76,84,64,597
89,96,80,69,95,571
81,77,102,69,82,589
83,73,89,68,65,622
70,71,102,94,82,581
67,118,66,73,89,587
54,79,168,74,90,535
144,81,99,71,86,519
91,111,90,63,74,571
93,99,81,98,65,564
85,74,74,72,162,533
66,81,109,71,108,565
65,97,84,99,81,574
105,92,72,78,73,580
82,113,93,70,73,569
101,100,89,56,85,569
99,103,61,101,70,566
116,93,88,79,82,542
81,66,81,67,133,572
72,73,79,133,97,546
77,106,74,95,81,567
96,86,84,108,95,531
84,77,65,71,73,630
84,100,81,94,79,562
86,79,75,87,90,583
73,75,58,94,84,616
104,83,79,72,82,580
86,78,90,93,97,556
84,95,77,84,85,575
97,62,91,81,94,575
88,82,107,96,70,557
93,73,91,103,121,519
70,61,92,80,86,611
93,81,94,80,93,559
76,80,88,107,111,538
111,61,74,87,92,575
100,59,67,79,124,571
83,129,94,87,81,526
70,79,88,127,71,565
95,85,98,86,81,555
75,77,72,73,69,634
71,75,88,117,118,531
93,88,76,87,95,561
75,77,82,127,84,555
75,91,89,108,75,562
67,75,80,79,76,623
74,76,68,82,122,578
62,98,144,75,87,534
79,93,90,85,86,567
74,144,70,66,78,568
73,100,71,69,118,569
111,75,68,64,99,583
77,72,67,121,78,585
90,85,86,83,80,576
71,163,75,68,81,542
102,97,92,78,75,556
74,82,74,70,113,587
94,95,78,105,68,560
70,74,85,97,98,576
65,122,83,82,59,589
86,70,82,95,128,539
71,90,93,87,96,563
98,83,106,81,69,563
132,74,71,72,75,576
86,101,75,67,93,578
84,92,81,86,98,559
67,75,85,79,63,631
67,108,87,72,83,583
123,75,73,91,74,564
75,88,67,101,93,576
90,74,136,82,82,536
68,104,96,82,57,593
118,88,75,71,64,584
102,84,65,96,89,564
87,65,110,84,85,569
67,88,83,95,69,598
151,64,59,116,72,538
105,69,117,105,95,509
96,54,88,98,84,580
115,81,74,90,83,557
83,71,89,123,71,563
99,85,94,77,79,566
78,88,75,88,99,572
87,86,93,65,89,580
73,78,71,104,75,599
74,81,67,95,74,609
103,81,65,87,98,566
90,58,88,109,90,565
69,165,76,85,89,516
83,96,99,77,82,563
74,69,78,83,72,624
104,82,77,85,79,573
110,99,67,74,73,577
73,90,82,78,98,579
61,76,129,87,70,577
85,95,103,70,84,563
70,86,80,62,128,574
80,85,77,73,112,573
73,75,66,73,88,625
87,81,67,93,84,588
81,71,63,88,117,580
71,72,104,81,96,576
142,85,73,80,106,514
75,103,80,86,87,569
91,85,73,110,85,556
86,117,74,81,72,570
87,73,74,96,100,570
74,89,88,87,75,587
79,88,64,73,65,631
76,90,69,76,127,562
73,102,98,70,88,569
63,83,89,74,72,619
134,105,79,86,86,510
86,88,72,100,102,552
69,110,96,91,85,549
59,92,77,85,72,615
87,88,100,73,72,580
78,83,87,74,104,574
74,72,72,62,88,632
60,100,79,99,91,571
96,87,68,101,79,569
75,80,84,78,105,578
68,78,95,83,85,591
78,71,107,98,82,564
65,69,77,87,125,577
88,58,67,108,106,573
77,77,98,87,83,578
86,95,89,98,78,554
68,88,70,73,73,628
68,76,118,89,79,570
87,91,92,74,72,584
80,87,79,68,114,572
108,102,73,65,79,573
92,93,85,99,70,561
69,61,86,82,122,580
113,62,79,82,84,580
97,85,72,87,104,555
76,80,119,77,83,565
107,84,79,79,72,579
84,77,126,70,63,580
77,73,96,98,83,573
101,96,78,68,76,581
74,89,74,62,117,584
65,112,103,77,87,556
85,95,84,94,76,566
89,79,86,85,103,558
75,95,88,82,83,577
69,84,77,78,132,560
171,80,80,69,86,514
99,90,73,80,86,572
79,80,72,127,76,566
78,87,128,89,99,519
119,76,85,86,82,552
87,88,93,81,145,506
102,68,70,103,104,553
83,80,96,80,110,551
102,93,76,90,88,551
76,90,106,90,63,575
64,73,97,94,84,588
69,74,127,71,77,582
166,78,104,63,74,515
92,78,89,66,78,597
93,63,111,95,72,566
77,90,111,78,104,540
83,70,79,98,110,560
60,98,85,82,95,580
87,79,89,98,84,563
77,65,92,101,109,556
101,81,91,71,82,574
73,76,80,149,109,513
87,134,86,88,80,525
88,74,89,79,94,576
96,100,105,74,85,540
76,85,80,117,80,562
89,97,79,97,64,574
103,74,74,80,88,581
91,99,90,74,78,568
61,91,86,73,123,566
95,72,80,51,113,589
75,92,70,87,99,577
88,88,64,79,113,568
83,74,101,90,77,575
97,72,99,95,87,550
64,61,87,130,89,569
87,88,81,93,72,579
74,79,87,80,103,577
88,70,82,92,98,570
67,117,90,91,75,560
110,70,71,80,82,587
92,92,82,73,99,562
60,96,69,85,123,567
89,82,65,93,97,574
63,76,72,80,126,583
79,96,61,79,88,597
78,74,89,92,98,569
128,72,81,80,76,563
93,84,102,75,78,568
75,80,81,75,122,567
71,78,101,87,88,575
67,162,97,92,69,513
151,111,81,76,61,520
104,85,73,94,121,523
84,73,106,81,80,576
92,67,82,78,112,569
75,71,79,165,97,513
106,59,81,93,82,579
90,61,79,81,107,582
78,95,90,94,87,556
77,76,79,80,67,621
75,89,93,84,88,571
66,90,78,72,78,616
89,91,97,98,67,558
80,72,113,94,141,500
68,144,75,84,81,548
59,105,81,89,81,585
96,97,69,80,98,560
66,87,94,102,92,559
69,183,70,83,74,521
90,113,79,66,116,536
57,82,77,113,79,592
74,90,134,93,103,506
95,70,92,102,70,571
82,121,79,86,61,571
92,91,68,91,89,569
102,118,68,86,74,552
80,88,103,73,69,587
60,72,82,81,122,583
94,91,86,69,89,571
74,71,103,95,75,582
99,64,87,111,81,558
81,89,88,91,109,542
115,82,77,70,73,583
88,102,85,69,102,554
101,85,71,105,88,550
73,82,120,91,91,543
135,73,84,78,69,561
91,92,80,98,76,563
77,94,77,68,110,574
71,93,120,64,108,544
82,62,87,114,71,584
86,54,139,83,66,572
97,88,96,91,106,522
84,68,77,123,87,561
74,67,70,96,71,622
101,86,89,95,75,554
84,67,99,82,103,565
71,102,83,75,96,573
83,72,114,68,83,580
94,95,74,95,78,564
108,97,79,95,84,537
85,80,125,77,63,570
68,119,90,68,60,595
71,105,84,99,86,555
104,90,71,78,73,584
91,109,89,69,70,572
82,90,78,89,95,566
74,74,56,75,83,638
79,75,70,82,126,568
77,78,56,126,87,576
92,67,87,90,62,602
118,83,70,97,81,551
94,70,88,91,101,556
81,106,82,78,86,567
66,99,66,75,83,611
148,85,87,70,104,506
93,74,71,101,75,586
105,75,80,87,86,567
76,72,52,81,127,592
78,67,84,88,86,597
78,93,83,80,103,563
111,77,75,83,83,571
86,94,87,69,75,589
75,57,101,80,106,581
69,97,86,78,88,582
64,95,86,107,79,569
132,88,88,84,96,512
81,122,76,66,84,571
79,89,79,95,85,573
169,66,71,86,71,537
101,87,70,76,87,579
98,72,62,62,125,581
71,84,100,101,85,559
94,102,80,87,72,565
72,80,89,133,71,555
88,92,81,92,73,574
88,113,85,74,99,541
79,76,76,111,82,576
81,108,56,76,103,576
82,89,118,73,95,543
97,72,79,93,84,575
90,66,159,88,91,506
66,108,107,68,71,580
92,75,82,95,87,569
82,102,85,66,91,574
104,86,77,101,84,548
85,77,114,98,82,544
69,105,79,79,97,571
84,87,101,94,83,551
113,73,79,87,75,573
82,85,86,92,75,580
68,71,121,83,73,584
90,68,80,97,97,568
80,72,67,86,81,614
109,68,72,82,99,570
72,64,136,87,108,533
101,140,84,73,89,513
75,87,72,108,82,576
87,94,100,103,79,537
68,140,84,66,72,570
65,105,102,82,70,576
124,89,76,76,70,565
106,64,95,79,89,567
81,137,92,80,107,503
79,81,122,72,75,571
78,82,80,91,75,594
75,73,78,79,71,624
76,79,81,70,117,577
79,114,65,69,87,586
62,81,83,127,95,552
113,67,72,103,93,552
101,79,105,64,80,571
87,82,83,63,101,584
82,107,80,130,86,515
78,87,108,81,71,575
106,89,73,84,91,557
86,63,144,81,94,532
82,91,93,101,86,547
70,82,81,88,76,603
57,82,90,116,65,590
76,69,90,112,89,564
82,95,80,78,84,581
79,74,85,91,113,558
80,178,82,82,77,501
72,110,63,93,82,580
66,85,55,91,79,624
64,78,49,141,87,581
74,85,139,79,96,527
77,103,89,85,70,576
78,91,83,114,94,540
118,70,73,78,75,586
105,84,93,88,67,563
83,73,79,82,122,561
83,70,124,83,89,551
92,97,83,81,71,576
78,88,87,69,115,563
76,77,72,67,100,608
69,65,71,111,95,589
83,82,59,105,100,571
97,98,78,83,85,559
105,81,75,73,95,571
97,58,58,66,93,628
78,95,97,89,84,557
67,81,65,85,135,567
73,86,144,89,79,529
75,91,98,74,96,566
77,93,89,85,88,568
77,82,91,104,76,570
129,74,84,69,67,577
89,62,113,72,140,524
67,63,94,114,94,568
77,73,100,88,100,562
101,80,92,114,72,541
76,76,75,69,125,579
64,77,67,133,85,574
145,95,66,96,86,512
99,107,62,106,87,539
109,82,91,91,72,555
94,90,99,80,87,550
85,74,71,66,120,584
92,91,87,133,88,509
73,78,114,100,66,569
58,108,77,90,92,575
81,99,66,101,74,579
75,95,98,70,107,555
75,84,80,60,82,619
66,102,88,100,77,567
153,85,78,90,90,504
86,107,101,66,69,571
75,88,85,100,82,570
91,88,84,111,71,555
88,101,90,70,155,496
73,111,107,61,111,537
112,90,83,71,79,565
73,69,87,119,72,580
103,84,67,95,75,576
91,115,99,74,63,558
84,89,81,77,64,605
73,93,118,89,71,556
72,76,111,69,106,566
106,73,74,96,88,563
75,90,200,89,77,469
121,95,118,58,69,539
92,70,83,85,88,582
99,91,84,71,76,579
84,87,78,116,61,574
74,92,78,93,112,551
68,87,73,92,94,586
73,86,121,75,74,571
95,85,88,61,102,569
95,74,88,87,93,563
74,78,64,73,74,637
111,87,71,83,86,562
77,73,102,87,82,579
86,74,96,87,94,563
92,89,68,77,98,576
63,88,96,87,90,576
79,93,88,94,89,557
119,87,65,87,80,562
79,91,76,106,86,562
79,83,177,74,65,522
79,79,100,82,108,552
67,104,81,107,76,565
79,89,89,81,90,572
77,74,92,78,67,612
60,73,87,102,91,587
101,90,75,79,77,578
92,72,125,78,71,562
97,92,94,66,74,577
91,79,86,96,93,555
75,92,63,89,108,573
61,82,96,112,70,579
97,86,68,75,97,577
83,72,140,96,92,517
73,51,96,74,77,629
86,102,81,117,100,514
92,84,93,84,84,563
94,80,135,73,86,532
56,83,98,90,100,573
127,81,86,81,116,509
86,119,70,76,82,567
63,92,110,78,76,581
134,82,91,114,67,512
96,61,95,92,74,582
80,92,85,84,85,574
98,73,61,95,77,596
81,69,82,105,100,563
99,80,97,93,87,544
89,88,73,92,104,554
73,68,118,81,93,567
101,108,88,80,67,556
78,99,71,68,102,582
101,85,91,94,82,547
82,80,67,69,85,617
72,93,90,88,61,596
103,73,75,86,89,574
97,93,154,72,82,502
73,103,98,69,111,546
123,62,82,62,89,582
87,156,94,74,74,515
76,93,98,61,89,583
82,82,78,154,71,533
68,85,84,94,77,592
60,89,87,93,101,570
83,101,94,64,78,580
78,90,77,124,56,575
80,75,75,98,153,519
75,69,66,78,102,610
75,86,83,74,84,598
121,82,82,67,73,575
82,77,79,121,63,578
78,100,102,91,57,572
89,98,104,83,74,552
74,89,79,74,73,611
72,102,85,90,74,577
83,94,98,80,94,551
79,96,84,78,65,598
92,84,88,65,87,584
63,111,76,93,93,564
133,86,90,84,93,514
94,85,97,89,77,558
62,100,101,70,94,573
81,78,75,94,98,574
81,73,82,116,82,566
73,75,84,79,101,588
74,97,108,71,83,567
111,75,87,89,73,565
98,161,81,59,91,510
99,105,78,124,77,517
81,78,110,86,97,548
116,70,86,68,74,586
86,59,73,92,146,544
109,83,67,73,97,571
103,95,59,75,112,556
79,88,78,83,84,588
74,91,96,85,79,575
83,73,92,67,118,567
89,100,71,88,89,563
107,74,88,70,84,577
78,90,93,95,72,572
92,101,81,94,82,550
87,94,86,82,106,545
77,79,69,80,82,613
81,80,90,90,113,546
68,93,104,82,79,574
143,81,80,110,85,501
94,73,58,102,70,603
95,99,86,85,62,573
89,91,102,79,73,566
90,69,87,93,93,568
68,161,80,79,78,534
55,92,74,66,78,635
69,101,136,87,89,518
70,58,102,121,82,567
108,64,69,97,75,587
104,67,88,82,79,580
83,73,79,66,114,585
65,91,77,91,92,584
82,80,102,83,81,572
85,65,83,69,121,577
80,81,105,81,81,572
76,67,89,71,127,570
87,134,82,97,86,514
88,78,91,91,85,567
84,111,77,80,79,569
96,90,77,77,93,567
85,73,73,79,78,612
67,93,88,89,96,567
171,84,84,68,87,506
101,106,68,85,76,564
69,101,68,68,126,568
103,90,75,72,77,583
75,81,94,103,67,580
78,81,74,73,123,571
87,110,105,75,90,533
78,101,64,120,72,565
85,84,109,74,80,568
79,74,98,80,121,548
154,64,88,97,113,484
97,64,111,77,86,565
76,68,91,114,74,577
148,93,81,94,83,501
99,68,70,72,76,615
88,94,67,91,64,596
89,100,111,103,79,518
80,79,76,82,107,576
76,77,132,71,90,554
64,109,89,67,92,579
88,96,76,75,101,564
80,71,79,92,102,576
117,76,66,94,66,581
84,81,88,87,94,566
71,66,90,117,84,572
101,89,80,89,74,567
97,78,74,84,104,563
73,111,92,68,94,562
102,83,86,135,76,518
90,76,72,87,126,549
78,91,98,86,86,561
72,86,71,160,82,529
88,85,130,105,81,511
68,75,86,84,73,614
77,90,113,78,90,552
125,74,84,62,82,573
95,82,84,74,92,573
83,90,67,72,112,576
64,81,97,102,75,581
128,96,76,90,90,520
95,75,160,79,78,513
85,71,113,91,105,535
73,89,78,107,98,555
71,80,69,73,93,614
208,99,81,86,72,454
119,89,70,93,72,557
79,87,53,81,65,635
76,84,168,72,63,537
75,101,100,78,113,533
119,83,89,67,70,572
88,94,74,145,93,506
78,67,63,99,85,608
75,75,114,91,74,571
75,174,73,78,73,527
89,101,84,75,92,559
74,104,89,92,76,565
92,85,66,94,98,565
72,77,119,59,85,588
73,100,84,99,67,577
82,106,68,89,91,564
85,97,133,71,84,530
70,83,83,97,97,570
123,79,64,87,69,578
84,71,91,77,99,578
80,86,78,75,111,570
71,90,104,77,106,552
90,103,88,74,82,563
84,78,107,77,85,569
76,97,73,116,74,564
84,83,75,83,95,580
91,68,150,70,95,526
73,87,98,92,79,571
123,80,76,67,78,576
81,96,99,76,74,574
101,88,86,99,67,559
97,83,71,79,143,527
73,78,112,79,99,559
76,67,121,87,85,564
72,92,87,120,80,549
80,97,84,77,105,557
74,77,91,74,81,603
102,69,81,70,75,603
101,93,69,98,76,563
84,76,107,94,76,563
72,115,73,75,80,585
70,91,81,97,76,585
89,97,79,87,89,559
92,94,89,83,75,567
72,87,82,74,109,576
71,75,112,98,87,557
103,80,94,76,100,547
74,90,76,90,86,584
66,88,72,82,99,593
73,83,64,73,77,630
83,79,71,68,73,626
102,105,81,65,101,546
96,80,76,136,88,524
72,70,128,94,67,569
63,90,93,85,86,583
154,70,104,92,89,491
96,71,99,84,103,547
86,93,72,81,83,585
69,86,69,92,65,619
99,67,96,88,88,562
71,92,81,101,67,588
96,79,78,80,147,520
82,99,89,75,100,555
61,92,63,74,84,626
67,89,119,75,86,564
83,101,110,85,79,542
141,111,96,70,75,507
107,94,73,98,65,563
82,68,97,99,76,578
81,134,93,85,101,506
71,102,101,67,68,591
68,82,79,142,115,514
95,68,90,97,86,564
80,83,80,83,112,562
68,66,74,71,95,626
122,107,79,87,78,527
87,84,76,88,97,568
73,94,100,77,74,582
113,92,70,70,69,586
93,91,82,137,79,518
86,88,64,98,113,551
103,95,73,81,91,557
75,76,164,76,78,531
78,63,105,93,100,561
72,136,85,84,74,549
63,98,88,182,68,501
118,86,122,104,70,500
89,107,73,87,62,582
85,86,93,106,72,558
85,99,81,86,94,555
72,84,73,123,73,575
84,85,97,93,76,565
67,95,77,102,84,575
118,71,76,96,77,562
73,148,74,110,83,512
76,97,87,89,72,579
60,91,130,79,67,573
125,91,86,71,104,523
73,83,83,110,78,573
68,73,114,95,72,578
62,106,102,67,92,571
117,94,83,64,79,563
93,72,78,105,70,582
79,66,173,76,63,543
76,76,101,97,114,536
145,67,81,90,91,526
76,70,109,99,79,567
73,145,73,84,99,526
72,97,94,73,113,551
103,83,74,85,96,559
74,83,76,76,67,624
111,75,80,71,102,561
87,61,61,118,87,586
77,88,104,91,77,563
129,70,82,91,62,566
91,90,98,85,62,574
57,78,82,72,119,592
76,72,105,97,76,574
82,70,99,69,119,561
96,73,91,83,95,562
69,85,82,103,80,581
77,78,78,87,113,567
77,73,107,97,73,573
78,50,105,85,90,592
66,88,93,101,76,576
72,63,74,86,124,581
87,127,95,95,81,515
64,92,80,111,85,568
77,70,98,97,92,566
101,91,79,76,81,572
85,74,124,67,77,573
82,68,92,122,73,563
121,65,76,85,71,582
91,63,140,77,72,557
67,80,104,65,106,578
88,82,72,85,92,581
100,94,94,79,81,552
105,88,70,74,137,526
99,83,96,75,87,560
83,81,82,66,67,621
88,76,68,81,97,590
84,99,57,93,89,578
106,99,92,81,78,544
79,80,131,77,73,560
86,90,109,80,84,551
70,75,84,76,122,573
66,96,73,148,101,516
142,80,66,96,87,529
99,84,78,94,101,544
80,84,118,79,74,565
72,100,83,73,151,521
98,86,83,168,88,477
82,94,82,107,78,557
69,69,98,79,99,586
75,74,77,99,73,602
73,86,86,82,89,584
86,89,82,104,86,553
118,66,80,78,69,589
93,73,79,87,102,566
63,68,84,82,74,629
88,88,88,67,92,577
86,86,75,68,76,609
91,86,95,68,96,564
90,71,66,69,76,628
74,81,73,99,95,578
61,78,80,77,80,624
92,83,79,96,77,573
79,116,85,80,84,556
88,84,103,76,63,586
73,105,80,71,99,572
100,80,82,73,89,576
74,82,71,65,132,576
71,77,68,67,106,611
100,93,64,127,99,517
73,107,79,77,84,580
74,96,81,123,73,553
96,89,88,84,87,556
77,79,82,114,68,580
63,73,104,91,91,578
63,71,96,90,84,596
101,68,81,91,72,587
93,60,129,58,88,572
81,154,101,80,77,507
80,97,85,103,71,564
91,78,96,95,82,558
73,66,82,107,72,600
72,50,77,95,120,586
172,72,76,77,81,522
92,84,81,91,83,569
98,74,97,76,86,569
82,98,80,82,94,564
126,68,83,73,76,574
92,84,84,90,91,559
82,75,136,70,74,563
119,74,116,63,70,558
89,87,84,134,82,524
83,80,78,89,103,567
116,71,75,70,86,582
81,99,75,96,79,570
70,98,74,71,79,608
72,92,74,116,71,575
110,90,93,84,56,567
84,67,89,98,137,525
106,80,85,68,74,587
72,72,85,97,101,573
105,88,83,74,92,558
67,76,77,118,84,578
70,100,151,81,80,518
63,88,99,113,76,561
112,107,86,79,90,526
84,72,67,69,77,631
83,120,69,68,81,579
89,94,63,82,71,601
96,68,75,112,79,570
87,91,96,91,72,563
95,100,85,103,75,542
80,73,109,92,90,556
144,78,100,77,105,496
83,110,85,70,74,578
76,87,77,71,117,572
100,73,89,69,95,574
79,95,81,145,73,527
81,98,82,109,73,557
76,85,96,76,141,526
78,67,82,73,96,604
94,92,83,71,80,580
77,90,58,75,118,582
96,63,100,75,88,578
87,97,67,81,64,604
