Groups 1,Groups 2,Groups 3,Groups 4,Groups 5,free agent
100,100,100,100,100,500
76,84,85,78,124,553
100,67,113,83,83,554
75,130,72,77,101,545
103,88,62,91,84,572
75,86,85,83,97,574
73,77,76,76,122,576
54,58,75,72,113,628
131,75,86,101,90,517
69,136,102,86,76,531
51,98,77,69,125,580
146,87,80,62,91,534
78,74,70,110,76,592
101,77,108,80,73,561
88,135,89,85,67,536
68,97,89,98,92,556
92,79,96,74,89,570
77,74,85,69,124,571
113,68,85,70,103,561
91,66,71,63,91,618
71,98,97,65,83,586
89,76,90,163,66,516
99,74,106,100,65,556
89,86,84,69,87,585
67,89,106,97,75,566
112,81,84,90,69,564
80,107,82,86,58,587
76,100,115,68,66,575
149,78,89,84,82,518
90,82,84,103,84,557
72,72,66,87,78,625
75,72,66,80,79,628
84,81,110,82,78,565
104,86,83,127,89,511
108,106,80,87,74,545
89,89,89,70,81,582
78,131,78,69,75,569
73,92,89,101,58,587
88,93,68,85,90,576
86,78,84,105,96,551
69,71,101,93,110,556
93,112,76,72,76,571
105,92,84,73,84,562
61,82,75,85,85,612
96,68,98,74,91,573
82,82,80,59,106,591
76,82,127,59,93,563
84,65,86,84,92,589
96,82,73,84,86,579
97,88,64,99,86,566
76,95,67,92,96,574
94,92,90,72,88,564
107,109,79,73,79,553
88,76,73,76,122,565
105,92,84,84,88,547
73,83,63,73,79,629
70,90,80,98,83,579
101,89,98,71,83,558
85,74,86,65,110,580
82,94,79,99,79,567
81,87,100,80,85,567
70,77,95,63,74,621
138,78,89,79,81,535
100,95,100,64,67,574
97,83,82,68,83,587
73,96,74,73,90,594
91,114,85,84,85,541
76,86,91,77,109,561
59,66,118,76,118,563
140,85,87,76,88,524
84,74,116,89,82,555
98,84,90,80,73,575
82,99,99,81,60,579
90,96,85,70,87,572
95,85,108,63,83,566
79,96,98,139,72,516
73,77,90,73,149,538
73,102,98,81,83,563
84,77,92,102,74,571
85,63,77,94,67,614
82,68,79,88,66,617
75,92,70,92,155,516
131,83,93,76,93,524
92,80,77,68,71,612
86,99,91,82,82,560
79,78,83,71,62,627
93,74,78,87,88,580
83,90,100,65,87,575
84,91,80,92,71,582
66,80,79,109,143,523
65,95,84,95,87,574
75,81,84,91,116,553
117,75,68,79,77,584
98,101,98,68,71,564
85,88,76,90,87,574
80,126,65,76,82,571
96,85,91,78,88,562
74,72,66,131,76,581
85,83,79,92,92,569
86,78,100,81,94,561
98,81,85,83,100,553
87,67,75,124,76,571
106,67,93,80,80,574
99,75,72,95,79,580
84,75,145,73,95,528
116,72,99,79,74,560
90,118,85,74,71,562
97,95,106,81,61,560
85,62,99,73,112,569
80,89,86,88,85,572
63,81,81,136,79,560
144,84,82,88,88,514
91,109,70,96,83,551
126,83,73,96,68,554
92,108,92,88,53,567
85,99,93,93,75,555
101,79,82,82,91,565
82,58,77,130,77,576
79,59,96,100,102,564
93,75,86,93,68,585
71,90,88,90,84,577
97,91,87,77,73,575
83,125,77,68,71,576
97,84,100,68,101,550
67,71,81,112,82,587
87,89,74,110,62,578
86,76,80,70,164,524
96,70,107,66,108,553
89,81,76,93,90,571
85,125,81,77,77,555
83,87,87,94,82,567
106,86,86,69,100,553
84,68,76,104,86,582
78,77,90,74,74,607
66,71,84,57,126,596
81,70,100,95,85,569
77,88,123,83,73,556
81,71,97,92,94,565
77,163,70,87,71,532
75,101,111,83,122,508
87,76,65,100,76,596
147,75,51,91,73,563
93,82,141,103,66,515
76,74,97,96,101,556
82,97,85,93,72,571
81,76,80,84,105,574
100,72,97,83,74,574
76,107,74,82,76,585
84,82,85,96,95,558
66,83,79,82,116,574
74,78,106,68,85,589
111,70,90,64,79,586
81,97,69,130,88,535
90,104,120,100,82,504
81,95,92,76,112,544
69,87,75,112,79,578
97,72,89,78,75,589
96,110,76,74,92,552
91,87,86,86,72,578
85,72,83,100,90,570
70,69,76,97,75,613
105,79,79,90,132,515
88,87,90,65,98,572
81,71,84,163,76,525
76,144,63,93,101,523
75,77,153,90,84,521
73,84,109,102,66,566
106,71,88,88,68,579
77,90,77,101,85,570
73,73,66,89,74,625
71,54,75,114,101,585
84,73,88,101,84,570
77,72,94,80,113,564
74,71,80,65,94,616
154,108,77,71,67,523
100,93,102,134,61,510
78,108,71,93,90,560
72,78,99,94,74,583
166,73,76,88,79,518
100,76,115,115,68,526
73,57,90,80,121,579
150,98,88,79,91,494
96,78,119,67,71,569
85,94,88,137,67,529
75,82,73,89,99,582
104,107,80,72,67,570
89,77,139,73,101,521
92,67,84,66,69,622
97,70,103,67,94,569
84,74,84,78,123,557
88,102,62,80,88,580
71,81,108,71,75,594
82,93,92,68,97,568
83,84,81,76,67,609
80,78,80,83,171,508
92,97,64,72,99,576
80,84,120,71,82,563
129,65,102,75,72,557
88,94,77,97,72,572
68,78,116,84,70,584
100,79,72,64,113,572
76,98,96,73,83,574
109,89,87,73,74,568
87,78,107,101,62,565
75,74,88,88,108,567
80,107,99,90,69,555
92,89,94,91,89,545
74,80,86,113,101,546
78,83,111,84,92,552
88,100,74,71,96,571
80,75,125,69,78,573
77,79,93,117,71,563
95,69,75,96,104,561
78,73,126,77,87,559
91,99,83,84,78,565
78,70,87,104,103,558
112,63,85,82,100,558
84,70,84,80,97,585
66,83,70,110,110,561
120,69,65,82,81,583
106,70,108,80,74,562
79,70,79,121,77,574
81,91,77,98,82,571
63,94,67,78,88,610
77,80,85,84,79,595
89,76,79,114,72,570
90,70,98,97,91,554
93,157,72,79,79,520
92,107,70,67,68,596
78,84,138,90,102,508
119,76,99,64,78,564
92,117,93,60,74,564
86,88,83,85,85,573
84,111,101,90,80,534
96,80,108,88,91,537
87,64,82,123,62,582
81,86,92,97,138,506
82,62,99,85,98,574
71,93,77,76,101,582
131,85,86,94,61,543
87,61,78,84,103,587
93,71,79,104,94,559
82,84,141,73,100,520
77,122,94,66,83,558
95,78,78,98,75,576
79,75,96,88,105,557
81,101,104,82,85,547
69,85,80,78,126,562
78,93,84,92,93,560
72,78,73,76,79,622
87,78,93,61,87,594
77,99,89,100,73,562
91,82,94,96,76,561
83,123,67,88,79,560
63,90,73,97,97,580
80,102,78,72,105,563
62,92,82,96,90,578
117,78,76,78,87,564
102,73,67,74,73,611
84,74,79,150,100,513
94,82,68,117,79,560
76,59,118,94,72,581
83,89,92,76,83,577
73,75,83,67,121,581
92,64,86,65,98,595
62,143,83,69,86,557
70,90,89,91,79,581
96,112,64,103,81,544
128,76,75,72,67,582
118,80,90,91,75,546
92,64,85,79,128,552
86,194,74,76,100,470
72,102,63,115,72,576
97,87,93,70,75,578
85,59,84,77,63,632
117,144,65,80,61,533
107,95,110,78,108,502
87,77,94,67,80,595
74,102,106,59,80,579
63,72,89,107,89,580
90,95,83,93,80,559
116,73,82,80,66,583
89,80,73,79,100,579
87,75,105,75,76,582
98,100,83,84,78,557
95,90,91,69,88,567
77,59,72,111,85,596
114,118,97,77,89,505
95,84,78,63,83,597
76,75,103,91,79,576
105,88,84,70,109,544
78,117,86,66,74,579
78,90,75,81,119,557
93,88,74,103,81,561
88,92,84,87,87,562
77,139,77,74,84,549
92,85,107,71,79,566
112,75,74,70,97,572
99,91,80,79,71,580
85,72,73,67,66,637
83,151,79,76,111,500
93,95,90,64,81,577
83,84,116,67,60,590
77,72,106,63,80,602
76,72,78,123,71,580
72,97,69,92,150,520
114,77,65,66,111,567
82,74,124,103,93,524
96,91,82,71,68,592
88,102,68,101,65,576
82,88,150,72,85,523
76,91,88,71,94,580
89,98,96,135,73,509
101,74,87,85,82,571
96,77,79,69,130,549
87,92,72,100,83,566
63,72,126,91,85,563
92,82,88,73,91,574
131,80,67,79,67,576
95,72,69,79,73,612
72,98,79,102,66,583
95,82,73,87,84,579
94,78,90,72,99,567
99,79,75,81,73,593
80,93,86,104,63,574
74,63,66,80,71,646
70,87,83,110,75,575
93,87,79,87,94,560
80,91,91,89,83,566
86,73,82,86,127,546
74,76,92,98,91,569
124,74,74,90,64,574
96,91,73,81,94,565
66,89,68,71,78,628
92,80,98,66,68,596
64,76,89,72,65,634
75,82,89,100,84,570
99,68,76,88,104,565
72,91,90,73,84,590
132,88,93,89,82,516
92,87,82,163,69,507
73,108,72,100,143,504
63,87,68,87,100,595
77,67,74,110,82,590
65,84,143,80,94,534
52,125,94,74,73,582
75,95,81,93,61,595
114,92,77,85,57,575
92,75,76,91,104,562
86,85,110,76,90,553
83,67,91,100,95,564
75,90,104,94,88,549
67,124,105,87,63,554
73,89,69,79,119,571
71,62,62,69,103,633
73,64,123,69,76,595
99,103,82,63,91,562
98,83,67,86,78,588
77,105,61,97,89,571
82,84,81,89,142,522
74,77,93,83,93,580
103,116,60,77,75,569
127,81,57,80,69,586
69,92,78,83,89,589
82,82,110,75,84,567
106,68,92,94,71,569
70,59,111,92,103,565
65,145,74,82,90,544
96,104,102,63,90,545
61,86,80,65,131,577
120,79,103,82,93,523
97,97,84,99,68,555
75,82,68,80,117,578
84,91,84,80,75,586
72,137,73,71,67,580
85,93,58,101,83,580
122,86,59,76,96,561
108,75,153,63,86,515
94,84,86,138,73,525
84,94,68,99,98,557
102,73,92,68,89,576
81,71,73,107,79,589
83,77,89,74,77,600
82,80,62,76,119,581
78,99,85,63,85,590
90,86,69,143,79,533
78,76,60,87,76,623
89,83,81,114,82,551
122,76,69,96,62,575
91,95,66,92,133,523
65,84,100,109,85,557
59,77,94,93,114,563
138,84,79,83,76,540
81,84,70,106,83,576
74,86,119,86,73,562
67,73,93,94,62,611
93,167,67,84,69,520
95,96,130,96,82,501
80,90,89,70,115,556
73,71,78,70,75,633
85,88,89,96,71,571
106,82,72,81,91,568
88,83,92,95,96,546
83,80,64,83,87,603
75,89,88,94,88,566
71,104,64,84,114,563
129,82,82,70,80,557
101,68,89,87,65,590
96,94,66,87,91,566
76,100,153,72,82,517
145,81,88,86,78,522
105,105,68,107,70,545
69,72,155,89,66,549
65,112,101,82,71,569
166,102,79,77,69,507
104,83,77,74,98,564
78,98,78,88,74,584
88,90,69,72,101,580
83,79,64,112,75,587
82,75,98,73,90,582
78,115,88,71,96,552
108,84,64,87,84,573
76,186,60,70,77,531
90,108,60,82,92,568
96,94,78,69,100,563
91,74,92,86,72,585
90,77,87,76,102,568
106,80,96,64,89,565
82,76,103,130,94,515
75,113,87,96,75,554
71,80,76,80,121,572
80,80,88,98,85,569
80,95,95,99,87,544
108,97,67,75,84,569
85,81,106,70,67,591
72,74,102,72,123,557
108,62,91,76,82,581
77,76,86,92,115,554
69,112,70,80,97,572
71,75,101,118,74,561
121,84,82,80,61,572
69,110,77,81,99,564
100,100,98,70,76,556
73,89,88,116,73,561
130,108,99,95,80,488
66,84,81,83,69,617
83,111,80,78,81,567
81,100,77,67,122,553
74,63,102,89,82,590
93,92,90,66,151,508
84,80,79,98,87,572
76,136,72,96,65,555
114,85,67,79,73,582
109,66,93,81,81,570
71,77,85,77,117,573
69,77,98,114,73,569
74,119,84,73,77,573
87,107,71,99,83,553
125,78,91,72,78,556
101,124,87,69,61,558
99,93,74,88,86,560
94,78,74,106,109,539
77,72,73,84,94,600
74,94,90,109,79,554
69,105,113,90,62,561
108,86,90,74,64,578
103,80,83,98,86,550
82,93,91,88,77,569
98,78,79,111,67,567
104,92,74,83,89,558
99,83,111,76,70,561
79,64,88,116,72,581
77,151,114,101,72,485
94,105,95,69,90,547
98,71,78,107,83,563
85,73,134,73,111,524
121,55,103,72,90,559
83,134,87,67,121,508
90,90,78,86,95,561
87,68,63,69,80,633
89,132,69,66,66,578
89,99,138,62,99,513
77,110,95,85,80,553
70,90,71,70,76,623
99,82,77,86,100,556
69,80,115,86,76,574
57,80,90,95,103,575
105,61,86,89,96,563
84,100,82,80,82,572
106,85,74,75,103,557
90,66,65,122,93,564
98,86,74,85,81,576
76,73,89,80,105,577
164,66,65,107,71,527
110,88,95,89,72,546
79,77,64,76,108,596
98,80,61,105,85,571
81,96,97,80,83,563
83,88,77,119,70,563
82,68,79,96,68,607
73,89,79,112,64,583
92,73,84,80,132,539
80,153,73,59,96,539
81,89,71,87,109,563
70,82,57,121,92,578
127,67,66,90,83,567
74,86,125,110,88,517
119,74,77,87,88,555
72,83,65,75,83,622
89,80,85,97,89,560
75,63,82,84,132,564
90,86,91,86,85,562
62,102,65,81,95,595
74,83,82,80,119,562
100,89,68,81,92,570
77,96,82,76,106,563
75,77,111,82,90,565
83,93,103,79,83,559
117,70,85,84,74,570
82,91,99,92,80,556
80,98,86,85,76,575
85,77,99,91,78,570
81,82,84,82,67,604
100,83,67,69,100,581
72,74,64,126,91,573
83,97,91,95,77,557
91,89,95,87,72,566
114,100,76,81,69,560
85,85,62,91,98,579
95,73,78,114,69,571
87,74,70,94,114,561
95,81,107,76,73,568
77,73,88,99,92,571
71,74,74,81,82,618
78,103,156,76,80,507
88,90,79,78,98,567
72,88,95,94,85,566
102,85,105,70,71,567
77,84,83,66,158,532
92,80,89,82,98,559
75,121,74,73,77,580
72,92,102,78,84,572
98,102,74,104,62,560
82,97,83,90,90,558
106,81,75,68,103,567
77,74,94,108,95,552
120,66,79,85,92,558
75,75,122,77,68,583
92,80,76,74,147,531
84,80,96,95,80,565
81,71,85,75,88,600
73,138,90,101,84,514
89,88,88,91,82,562
83,77,71,138,74,557
89,83,66,97,78,587
85,77,66,71,115,586
88,80,96,78,79,579
93,88,69,82,96,572
78,82,154,95,79,512
84,93,109,79,88,547
74,70,97,59,80,620
91,93,101,59,81,575
73,72,80,144,104,527
79,140,93,79,93,516
100,109,71,103,67,550
90,77,105,107,72,549
69,123,74,85,66,583
78,96,84,75,86,581
95,77,78,102,69,579
75,72,169,77,89,518
71,124,84,82,98,541
57,95,73,77,71,627
94,85,99,76,67,579
83,77,93,73,146,528
97,84,89,79,91,560
123,78,74,73,80,572
87,72,78,109,86,568
71,66,113,92,82,576
134,91,97,90,86,502
87,86,93,89,80,565
68,85,135,84,80,548
115,123,91,61,85,525
80,74,109,83,64,590
79,72,103,67,120,559
92,69,95,99,76,569
78,63,92,86,105,576
97,66,73,97,79,588
96,92,81,75,89,567
96,75,75,97,108,549
91,102,61,113,85,548
78,78,74,83,117,570
86,104,65,73,100,572
74,79,112,78,77,580
67,75,86,94,103,575
64,105,85,102,75,569
68,84,75,94,120,559
81,78,132,101,92,516
82,87,92,78,79,582
120,74,76,77,77,576
79,91,77,67,109,577
93,79,88,128,97,515
106,93,83,105,68,545
82,82,115,70,64,587
80,70,98,132,62,558
90,96,81,100,78,555
96,80,75,81,105,563
84,153,70,69,86,538
82,90,110,118,82,518
68,85,85,89,110,563
71,78,72,106,94,579
67,116,83,93,93,548
77,103,105,60,84,571
66,84,83,116,71,580
62,77,66,83,127,585
99,73,74,91,86,577
97,75,88,100,86,554
76,70,111,94,77,572
70,150,77,88,91,524
153,104,67,78,70,528
101,76,78,69,114,562
89,91,83,79,81,577
90,86,75,88,95,566
83,77,88,103,78,571
98,67,92,85,80,578
76,97,91,100,85,551
69,70,115,78,87,581
80,67,79,106,85,583
69,120,77,81,71,582
81,82,97,75,93,572
107,75,82,98,80,558
90,145,91,72,84,518
100,82,88,92,56,582
90,73,79,84,63,611
107,98,76,74,57,588
68,82,72,81,120,577
123,75,65,74,97,566
90,83,65,159,90,513
84,99,64,92,101,560
71,85,99,76,100,569
103,102,87,65,82,561
70,90,71,72,77,620
95,85,69,96,85,570
97,86,80,69,89,579
78,67,96,94,82,583
78,77,64,83,131,567
74,76,54,83,103,610
99,90,63,93,87,568
70,81,86,71,112,580
69,63,88,125,92,563
92,63,104,74,84,583
87,83,66,73,106,585
95,69,141,76,82,537
80,109,88,83,79,561
94,97,84,102,69,554
84,76,80,88,120,552
75,90,87,76,92,580
70,77,75,73,128,577
87,95,93,74,91,560
73,83,85,65,67,627
70,77,80,132,71,570
138,68,79,82,95,538
88,82,76,78,79,597
80,80,68,125,67,580
77,76,72,89,64,622
75,79,92,77,93,584
100,80,97,83,91,549
93,77,70,89,71,600
86,102,89,95,69,559
64,99,75,83,83,596
150,75,60,115,80,520
104,88,75,77,82,574
95,73,166,75,73,518
79,64,106,75,103,573
74,69,96,61,88,612
64,67,91,99,100,579
107,67,70,90,87,579
66,102,70,106,78,578
90,90,98,93,81,548
77,83,87,83,70,600
71,81,93,84,48,623
98,90,95,85,127,505
68,79,106,98,74,575
92,91,87,84,84,562
75,88,82,103,91,561
102,68,78,86,75,591
79,84,95,78,88,576
70,81,91,72,123,563
141,95,72,93,90,509
94,80,103,83,74,566
131,79,100,65,70,555
93,72,79,104,83,569
78,75,74,75,67,631
77,69,117,76,88,573
87,91,82,77,93,570
69,84,84,70,81,612
101,112,81,70,82,554
91,83,77,72,71,606
84,88,75,77,59,617
79,103,150,76,79,513
99,79,95,67,85,575
89,102,77,136,76,520
73,98,113,86,61,569
106,79,88,85,69,573
70,57,98,109,88,578
130,83,97,89,92,509
90,69,76,77,114,574
85,75,96,97,61,586
97,110,72,95,62,564
64,92,97,80,84,583
64,91,90,75,84,596
83,80,75,105,71,586
79,105,81,67,93,575
75,132,76,69,88,560
82,99,74,117,82,546
80,93,65,77,112,573
88,83,96,75,74,584
91,85,87,120,64,553
89,81,75,86,71,598
106,94,90,92,67,551
71,95,80,76,116,562
97,83,98,66,100,556
81,73,88,110,74,574
70,142,75,85,93,535
147,99,85,76,81,512
99,77,94,82,91,557
118,127,74,74,85,522
78,77,97,100,80,568
75,65,75,96,151,538
88,78,122,84,95,533
71,119,94,83,80,553
99,111,62,61,105,562
85,81,95,90,91,558
105,115,86,73,84,537
94,90,91,79,88,558
70,77,81,108,98,566
80,103,104,84,81,548
76,101,69,111,65,578
87,81,121,72,63,576
94,65,94,79,90,578
116,59,81,80,76,588
94,153,69,84,65,535
95,84,87,87,76,571
79,77,79,87,115,563
77,92,88,83,91,569
74,76,64,111,123,552
81,77,79,98,102,563
101,65,93,96,85,560
97,151,71,92,80,509
106,99,67,107,76,545
80,89,79,90,99,563
74,86,86,97,97,560
93,91,84,79,77,576
74,85,97,101,76,567
88,90,77,87,104,554
73,84,107,74,91,571
103,84,76,92,67,578
89,94,97,72,131,517
74,75,86,112,88,565
76,78,120,87,107,532
132,63,79,86,81,559
87,65,116,81,75,576
105,71,101,74,96,553
79,88,68,88,107,570
82,72,112,77,86,571
69,65,83,75,118,590
86,78,90,86,91,569
121,69,83,80,88,559
78,126,71,79,85,561
96,99,134,87,89,495
93,81,81,79,78,588
113,79,78,101,80,549
106,95,75,75,107,542
80,103,68,100,89,560
71,81,99,75,94,580
103,94,80,75,92,556
72,68,77,77,117,589
91,66,92,79,80,592
87,64,86,158,97,508
85,91,104,100,66,554
90,83,84,83,115,545
75,55,108,97,92,573
69,92,87,87,77,588
86,92,73,95,89,565
85,88,117,71,66,573
69,81,97,89,78,586
99,101,90,75,92,543
67,66,89,96,110,572
91,89,90,92,85,553
131,89,72,72,72,564
87,82,83,70,104,574
83,118,70,68,84,577
74,94,148,100,77,507
107,79,103,74,71,566
90,65,83,72,112,578
76,58,86,127,91,562
89,100,88,90,68,565
81,89,113,75,136,506
77,73,103,154,79,514
79,66,82,93,105,575
81,87,87,84,93,568
76,106,103,86,83,546
76,74,77,132,72,569
96,95,80,92,78,559
81,84,69,104,94,568
65,70,107,90,60,608
99,93,85,70,73,580
81,102,80,83,78,576
89,81,100,73,107,550
91,77,82,93,90,567
88,116,82,82,70,562
67,89,65,73,164,542
92,75,87,79,95,572
87,84,76,94,73,586
95,80,126,67,85,547
92,57,89,148,80,534
92,135,74,92,81,526
73,98,99,72,67,591
72,89,84,115,72,568
116,74,84,79,67,580
81,80,79,183,82,495
82,76,86,104,74,578
71,79,81,69,120,580
74,84,68,102,97,575
83,65,134,78,64,576
84,80,99,78,102,557
77,121,68,70,82,582
104,82,156,68,80,510
73,87,99,134,80,527
77,68,82,97,109,567
69,115,80,79,94,563
157,85,69,72,93,524
98,106,125,71,82,518
90,74,85,108,67,576
75,68,66,92,118,581
113,67,77,85,87,571
103,92,67,84,97,557
97,75,152,73,79,524
82,74,84,109,69,582
92,91,88,90,64,575
89,105,79,79,87,561
79,77,76,77,92,599
65,98,74,95,82,586
123,79,89,90,97,522
79,121,77,82,83,558
67,91,115,76,84,567
92,94,96,94,77,547
96,91,87,70,88,568
89,85,84,130,80,532
99,100,73,86,68,574
98,85,117,62,73,565
74,73,101,73,71,608
69,128,89,68,77,569
82,83,84,94,88,569
78,58,101,109,78,576
100,82,91,97,78,552
90,57,128,70,69,586
86,57,90,127,65,575
68,59,72,65,127,609
81,140,91,96,83,509
70,98,153,99,70,510
56,83,86,77,108,590
74,73,101,76,81,595
76,71,85,68,74,626
87,85,77,103,77,571
80,79,77,74,66,624
92,95,65,91,84,573
84,75,85,79,108,569
77,66,85,114,95,563
102,77,81,95,75,570
92,109,66,77,67,589
75,89,75,100,100,561
75,106,84,69,94,572
98,73,105,66,81,577
75,93,98,87,78,569
75,70,73,135,69,578
62,97,64,73,104,600
87,82,99,85,83,564
89,117,75,65,79,575
64,74,78,139,86,559
85,125,85,102,76,527
109,80,75,79,82,575
76,67,68,73,86,630
84,62,78,130,80,566
81,83,86,102,92,556
83,74,105,93,95,550
118,74,85,75,89,559
77,161,82,64,90,526
78,116,75,65,108,558
89,85,60,65,75,626
93,128,70,79,71,559
102,104,89,66,85,554
86,73,74,68,117,582
93,101,66,98,81,561
69,87,120,83,75,566
93,74,98,88,135,512
85,87,75,140,87,526
107,95,62,101,79,556
85,76,116,81,70,572
79,137,81,76,71,556
75,95,71,81,102,576
133,87,77,97,87,519
107,72,119,84,78,540
76,96,89,73,113,553
69,92,91,110,84,554
75,106,88,85,90,556
93,89,78,84,73,583
76,75,72,76,112,589
100,77,63,95,86,579
80,104,97,72,67,580
72,86,97,77,105,563
81,94,77,68,84,596
81,65,75,129,77,573
87,85,99,90,84,555
71,129,82,69,78,571
85,98,89,87,90,551
84,76,75,125,80,560
73,111,96,81,74,565
82,85,82,74,103,574
98,103,65,80,90,564
60,98,152,88,84,518
83,89,85,70,99,574
87,85,75,62,70,621
85,82,81,125,64,563
95,98,71,85,76,575
84,87,96,80,102,551
99,105,95,74,82,545
71,71,81,65,71,641
95,101,86,70,148,500
82,92,68,137,88,533
107,75,93,101,67,557
82,88,88,94,84,564
83,88,95,62,99,573
74,104,77,83,87,575
88,80,95,97,94,546
83,115,82,84,75,561
80,82,95,105,77,561
103,71,89,115,70,552
91,114,85,93,57,560
76,79,73,91,160,521
82,86,84,86,84,578
66,106,106,62,87,573
97,83,79,173,106,462
90,75,113,93,69,560
74,71,85,84,121,565
68,81,122,71,74,584
73,73,89,94,99,572
59,126,77,76,83,579
95,81,87,71,68,598
109,83,80,91,75,562
91,89,90,82,95,553
72,87,83,87,126,545
98,69,94,89,87,563
102,88,77,71,80,582
96,92,76,73,95,568
85,63,95,101,80,576
93,86,68,77,106,570
86,63,60,130,85,576
105,85,74,89,80,567
82,75,163,82,67,531
68,108,102,68,111,543
85,80,83,92,95,565
88,86,89,97,74,566
70,82,79,82,76,611
96,79,79,104,81,561
91,71,94,77,106,561
97,69,75,77,81,601
76,69,112,66,108,569
104,143,88,75,93,497
80,87,71,98,97,567
80,65,172,91,80,512
93,78,109,80,79,561
83,80,90,97,100,550
71,140,77,75,80,557
110,101,81,63,75,570
77,76,79,141,98,529
109,55,99,98,77,562
81,80,96,94,93,556
65,127,73,78,78,579
129,87,91,73,89,531
99,73,81,70,73,604
82,96,67,160,79,516
85,85,66,110,97,557
77,107,91,83,75,567
92,83,78,91,93,563
74,65,69,84,84,624
68,69,97,71,100,595
96,71,84,103,89,557
88,62,60,97,93,600
78,103,90,71,85,573
76,124,78,64,74,584
95,96,89,71,154,495
63,81,70,68,92,626
153,84,103,52,79,529
107,68,82,99,68,576
101,69,79,103,82,566
97,73,99,68,90,573
98,94,98,69,109,532
86,67,84,133,74,556
92,71,101,80,85,571
80,61,90,66,83,620
