Groups 1,Groups 2,Groups 3,Groups 4,Groups 5,free agent
100,100,100,100,100,500
96,73,70,87,85,589
69,95,87,84,84,581
119,71,74,91,69,576
103,97,90,67,100,543
90,82,93,93,80,562
81,104,83,96,64,572
70,93,87,63,125,562
86,99,79,96,88,552
127,92,67,80,91,543
76,94,76,72,99,583
67,90,75,116,71,581
94,74,105,76,66,585
103,63,79,63,105,587
74,93,98,87,78,570
69,82,76,68,119,586
103,79,81,90,80,567
93,124,66,75,68,574
76,91,69,98,83,583
116,74,76,92,75,567
88,71,114,83,73,571
84,65,89,79,112,571
78,71,75,71,92,613
117,88,111,119,83,482
85,75,80,87,72,601
81,62,134,110,104,509
99,77,81,79,81,583
74,85,95,77,90,579
72,92,106,134,84,512
59,73,77,98,76,617
72,125,81,81,69,572
103,89,77,102,82,547
100,104,68,71,78,579
85,94,64,92,100,565
95,81,140,99,74,511
85,86,85,73,87,584
89,107,72,79,87,566
99,82,100,78,89,552
80,71,81,70,78,620
101,101,87,62,88,561
71,99,77,106,81,566
66,74,116,95,74,575
75,69,99,124,71,562
73,93,72,91,100,571
127,80,68,74,81,570
96,79,53,95,93,584
86,103,53,83,98,577
82,66,80,88,87,597
76,125,69,76,73,581
94,87,102,82,67,568
69,93,86,105,89,558
66,87,58,87,124,578
102,73,65,73,92,595
88,87,90,146,76,513
113,95,67,89,70,566
79,91,108,81,65,576
110,88,92,75,77,558
98,61,65,103,90,583
83,83,78,73,91,592
81,75,73,66,131,574
81,88,123,83,75,550
78,113,87,84,96,542
66,76,88,95,103,572
76,85,71,110,84,574
68,117,88,78,68,581
109,97,71,85,59,579
87,99,78,80,138,518
105,77,91,80,93,554
90,99,73,110,68,560
82,88,93,90,104,543
108,67,73,68,88,596
98,64,80,79,110,569
81,129,74,73,95,548
69,90,70,92,102,577
103,91,108,69,74,555
99,78,85,67,70,601
90,66,83,75,74,612
81,65,73,105,96,580
70,118,78,96,88,550
104,81,69,76,82,588
93,66,93,101,85,562
90,126,103,87,106,488
103,78,86,83,71,579
83,79,110,81,101,546
110,66,86,104,84,550
81,66,110,92,75,576
120,66,97,73,78,566
77,57,87,75,117,587
65,114,78,86,83,574
82,89,83,94,94,558
111,76,85,71,82,575
78,108,88,76,75,575
73,91,69,126,72,569
131,86,79,91,87,526
90,81,69,77,131,552
89,94,131,70,96,520
99,75,91,82,69,584
97,93,82,79,104,545
75,75,71,106,85,588
90,91,67,80,83,589
90,73,70,129,76,562
79,68,94,92,142,525
97,80,73,79,78,593
90,84,116,71,75,564
93,87,93,98,76,553
122,82,69,93,71,563
78,105,90,96,132,499
128,87,83,74,84,544
92,75,115,68,76,574
84,100,87,68,93,568
72,78,87,102,95,566
58,88,90,92,109,563
132,100,81,93,97,497
94,109,69,116,80,532
86,73,138,89,85,529
79,69,100,122,76,554
101,94,82,79,84,560
82,73,60,80,147,558
74,92,79,89,86,580
71,86,59,94,124,566
79,99,64,104,84,570
96,86,80,71,106,561
79,75,69,72,77,628
76,78,75,174,74,523
138,66,71,105,91,529
92,93,85,86,75,569
69,65,117,63,156,530
87,107,90,91,91,534
82,96,77,66,124,555
71,106,98,87,90,548
75,80,107,101,74,563
119,74,76,88,72,571
89,101,94,103,69,544
102,72,90,101,89,546
81,72,124,83,86,554
96,129,79,87,69,540
70,115,74,132,75,534
106,82,72,83,64,593
88,112,123,69,117,491
82,91,85,66,87,589
117,60,73,77,88,585
102,75,90,141,77,515
86,84,96,86,87,561
127,68,81,75,69,580
78,94,81,73,98,576
77,85,96,108,90,544
105,93,75,84,78,565
81,87,67,138,64,563
80,73,92,82,86,587
103,96,80,63,74,584
83,88,115,91,73,550
91,71,97,76,67,598
82,90,95,86,85,562
92,75,78,73,93,589
63,75,79,131,86,566
80,85,91,91,90,563
60,80,83,80,70,627
89,96,84,89,75,567
73,85,122,77,73,570
70,100,83,82,85,580
80,84,82,110,88,556
74,73,75,79,73,626
68,100,75,84,99,574
78,84,76,172,76,514
97,79,67,107,89,561
75,66,160,104,71,524
82,93,118,88,64,555
103,77,88,92,68,572
94,62,88,98,100,558
100,131,85,80,99,505
80,71,69,67,86,627
92,78,78,93,84,575
78,67,71,87,79,618
115,85,65,71,87,577
79,68,67,136,64,586
83,127,69,104,78,539
92,86,92,89,93,548
76,105,83,127,63,546
74,67,108,101,81,569
64,112,86,76,80,582
140,79,70,104,86,521
91,99,95,78,70,567
63,122,87,64,74,590
108,91,87,76,113,525
83,99,92,73,81,572
85,70,84,101,73,587
78,70,105,95,105,547
74,65,80,82,82,617
84,71,81,61,186,517
76,88,66,133,104,533
64,89,80,106,98,563
106,79,76,84,69,586
90,72,92,98,136,512
82,85,77,112,92,552
104,83,79,80,69,585
65,67,72,93,95,608
66,97,92,87,81,577
73,83,78,77,70,619
95,67,81,96,100,561
113,70,88,80,82,567
89,125,74,75,67,570
96,87,93,90,81,553
78,103,68,107,66,578
107,77,67,78,92,579
90,91,124,83,102,510
120,73,98,64,64,581
83,98,84,83,86,566
65,129,79,73,81,573
88,104,103,70,76,559
85,90,87,109,76,553
88,92,77,97,94,552
106,97,63,79,67,588
98,107,74,97,81,543
72,70,78,80,90,610
121,82,76,86,71,564
86,91,85,94,76,568
71,98,98,80,91,562
101,97,108,77,67,550
71,106,101,77,90,555
111,82,98,60,77,572
77,108,88,67,96,564
68,94,125,76,84,553
86,75,103,95,78,563
80,71,89,116,105,539
75,108,70,95,90,562
90,76,78,95,82,579
134,77,69,79,81,560
88,70,109,73,77,583
73,85,101,87,88,566
107,85,83,78,82,565
75,188,67,72,79,519
78,98,59,80,88,597
80,83,117,90,67,563
85,102,83,56,96,578
97,76,78,84,84,581
75,137,87,92,97,512
67,100,66,76,70,621
88,63,86,71,93,599
86,157,76,63,95,523
75,89,103,83,102,548
118,59,82,83,83,575
87,84,91,86,79,573
101,76,82,103,88,550
69,64,117,92,81,577
100,69,86,84,111,550
87,47,98,102,96,570
79,155,76,81,84,525
88,100,95,72,92,553
90,82,66,159,81,522
91,75,92,90,72,580
75,70,73,80,108,594
102,102,66,70,85,575
60,69,92,98,85,596
76,73,108,101,79,563
140,76,97,99,85,503
102,101,74,87,71,565
112,73,92,76,69,578
118,91,100,69,65,557
117,81,80,96,85,541
90,84,85,72,110,559
80,66,80,104,116,554
77,89,81,86,85,582
77,81,79,76,123,564
64,84,106,88,80,578
73,81,84,70,64,628
95,76,74,83,92,580
81,74,102,146,66,531
80,89,78,87,64,602
72,110,76,108,79,555
79,78,113,73,63,594
60,80,94,125,65,576
88,79,86,96,129,522
144,97,75,78,95,511
93,86,102,90,69,560
87,96,77,89,79,572
77,82,70,96,102,573
82,94,95,83,92,554
71,85,71,81,78,614
116,73,79,82,78,572
93,63,85,84,98,577
70,117,62,76,81,594
139,73,118,77,78,515
82,88,106,63,92,569
83,86,96,73,101,561
97,81,100,131,80,511
88,76,78,90,91,577
75,62,115,81,84,583
105,77,81,89,104,544
79,116,74,76,77,578
78,83,58,86,119,576
74,91,86,98,94,557
92,76,96,83,78,575
80,76,78,92,69,605
82,75,89,89,103,562
147,100,71,80,88,514
107,85,60,70,107,571
99,74,93,88,85,561
80,158,80,93,71,518
88,90,74,70,79,599
74,64,93,80,85,604
68,92,88,101,75,576
77,88,92,86,95,562
90,125,70,75,80,560
125,90,89,66,124,506
82,92,101,79,87,559
72,84,74,132,81,557
88,72,157,84,73,526
62,82,98,99,100,559
117,83,76,87,92,545
96,63,117,66,80,578
82,90,98,70,96,564
102,86,75,70,83,584
83,84,89,83,88,573
70,71,72,76,86,625
96,91,73,101,70,569
75,118,71,84,78,574
72,81,97,86,102,562
99,73,83,97,79,569
89,77,111,63,90,570
71,80,95,83,97,574
124,75,75,71,76,579
93,69,95,90,75,578
93,68,70,79,68,622
73,71,106,96,92,562
80,68,93,98,86,575
85,100,69,79,83,584
112,78,91,76,83,560
83,107,76,106,72,556
158,96,73,85,66,522
107,111,69,68,68,577
72,84,85,72,62,625
73,89,82,81,94,581
125,74,70,74,80,577
98,90,83,84,83,562
80,129,66,83,69,573
88,83,65,77,150,537
78,76,87,99,87,573
114,76,73,96,71,570
70,100,100,80,81,569
69,79,112,73,102,565
75,88,97,87,105,548
107,92,86,81,81,553
100,78,66,123,69,564
66,109,66,99,101,559
79,84,144,69,110,514
56,87,90,112,70,585
73,82,89,97,147,512
113,75,75,64,106,567
92,59,75,88,86,600
81,74,90,90,104,561
90,70,86,92,74,588
141,62,77,86,59,575
91,111,76,70,68,584
91,85,96,71,78,579
93,89,65,103,97,553
78,79,100,73,97,573
65,112,84,101,80,558
61,95,76,87,120,561
104,83,72,69,89,583
89,84,67,74,57,629
86,82,124,64,126,518
73,69,89,142,87,540
99,80,74,98,87,562
76,79,102,75,76,592
75,116,97,71,79,562
63,85,102,90,79,581
98,73,102,86,80,561
90,67,62,77,130,574
89,67,82,95,99,568
67,80,82,111,79,581
122,90,76,84,103,525
83,102,88,66,76,585
105,77,79,77,77,585
77,74,133,73,77,566
73,94,94,94,87,558
82,82,104,73,97,562
73,116,79,68,77,587
84,106,85,145,74,506
128,79,68,95,68,562
99,90,82,83,86,560
91,125,61,79,80,564
85,88,106,74,61,586
86,82,80,113,60,579
73,65,99,71,90,602
68,107,96,70,84,575
108,85,79,98,72,558
94,80,87,81,83,575
73,68,101,88,100,570
83,127,72,92,82,544
75,99,63,86,125,552
71,80,93,103,90,563
123,60,75,78,90,574
86,106,75,77,73,583
104,81,70,106,76,563
68,75,115,89,64,589
70,115,90,86,124,515
58,89,76,64,81,632
86,68,96,95,82,573
79,55,81,68,128,589
90,90,97,64,95,564
85,84,74,149,93,515
99,71,134,101,75,520
88,74,104,74,116,544
74,100,88,92,96,550
77,92,70,71,75,615
67,88,75,122,75,573
119,73,81,95,72,560
78,96,79,86,92,569
81,75,125,61,79,579
92,72,84,60,111,581
86,86,80,81,101,566
114,69,80,72,91,574
84,75,93,66,99,583
98,84,74,101,110,533
88,61,110,85,73,583
106,152,88,85,67,502
71,98,85,77,68,601
73,106,79,103,61,578
126,81,72,71,60,590
81,71,93,79,88,588
78,112,58,102,68,582
64,84,104,95,62,591
88,85,73,84,93,577
83,88,110,78,73,568
111,68,89,73,75,584
80,84,84,90,97,565
71,78,87,74,85,605
92,92,66,88,90,572
90,83,88,96,77,566
71,110,86,80,83,570
103,80,79,78,107,553
75,75,93,103,93,561
67,172,80,88,80,513
94,94,104,88,92,528
80,78,86,120,81,555
80,68,63,86,76,627
83,64,91,99,100,563
68,92,111,80,90,559
96,82,83,96,68,575
80,91,71,92,97,569
80,81,122,81,86,550
130,76,83,74,83,554
91,72,69,106,91,571
84,102,62,89,100,563
81,84,68,74,73,620
79,62,96,90,98,575
73,166,85,75,78,523
82,107,87,79,90,555
80,89,91,101,101,538
81,71,113,73,91,571
92,84,94,121,88,521
79,68,77,97,99,580
96,96,66,87,85,570
79,82,62,81,75,621
121,74,68,73,99,565
84,62,104,67,96,587
83,94,79,93,78,573
80,86,75,83,71,605
75,93,93,84,78,577
78,82,75,76,107,582
92,101,76,85,83,563
74,79,81,63,123,580
80,81,93,63,112,571
95,115,74,74,87,555
80,86,62,77,73,622
93,84,97,72,63,591
105,95,87,88,64,561
86,92,90,75,112,545
77,67,86,107,71,592
114,74,75,94,61,582
81,76,99,109,89,546
86,117,77,86,77,557
121,94,62,74,66,583
97,81,66,112,69,575
84,91,126,79,78,542
74,67,94,86,92,587
91,83,71,76,96,583
89,88,67,122,71,563
102,81,133,79,90,515
64,72,88,74,87,615
79,54,96,88,86,597
69,135,96,78,77,545
63,97,115,68,95,562
72,101,96,70,96,565
80,77,81,108,86,568
91,83,63,107,65,591
77,54,104,90,85,590
68,82,80,82,91,597
116,78,72,96,77,561
85,74,78,76,72,615
112,70,72,81,79,586
83,84,101,79,75,578
51,86,85,100,86,592
85,76,112,80,84,563
78,93,79,89,108,553
63,81,78,111,86,581
111,74,70,95,78,572
94,74,64,82,82,604
93,86,65,98,94,564
80,72,77,89,77,605
71,73,73,83,118,582
71,129,83,85,79,553
93,95,75,79,93,565
84,92,100,90,80,554
76,72,76,95,158,523
81,71,79,77,112,580
73,86,95,98,99,549
99,88,64,98,104,547
92,66,92,88,82,580
71,104,88,100,76,561
136,93,65,87,98,521
108,87,90,71,85,559
83,87,127,64,76,563
76,86,100,96,87,555
83,77,70,92,74,604
140,96,57,73,74,560
84,74,81,91,97,573
78,69,119,75,88,571
69,147,99,100,72,513
67,99,132,77,58,567
69,81,91,109,134,516
79,97,68,99,87,570
74,84,94,68,115,565
103,104,88,56,82,567
105,89,81,61,90,574
91,88,79,92,73,577
84,76,69,84,119,568
87,75,113,60,91,574
92,74,86,95,78,575
62,120,84,74,76,584
86,77,94,75,95,573
109,101,94,69,68,559
89,90,77,85,141,518
86,144,74,90,92,514
79,100,107,75,79,560
77,77,74,74,82,616
73,185,75,65,72,530
78,96,81,83,82,580
80,79,80,72,68,621
105,80,64,98,81,572
91,124,109,78,61,537
80,90,74,120,66,570
68,88,96,94,96,558
68,77,73,138,63,581
151,81,80,87,72,529
94,78,68,84,103,573
72,76,82,102,94,574
88,79,107,84,85,557
91,63,90,79,181,496
94,72,97,73,106,558
89,145,66,97,84,519
114,104,60,66,87,569
97,85,97,59,75,587
72,89,87,96,78,578
162,70,92,96,82,498
96,66,103,91,71,573
83,64,100,77,73,603
84,86,80,89,74,587
67,78,115,89,84,567
80,96,88,75,85,576
91,71,82,95,100,561
74,112,75,71,73,595
83,93,69,95,148,512
100,78,93,88,81,560
81,72,90,61,69,627
76,99,83,84,92,566
78,73,118,68,73,590
68,91,102,140,99,500
75,78,99,104,92,552
101,75,78,102,111,533
75,115,71,90,75,574
64,94,75,123,79,565
140,73,79,81,90,537
99,87,72,96,87,559
98,87,89,71,99,556
76,102,106,63,90,563
167,69,75,69,78,542
102,145,67,97,79,510
74,102,93,80,106,545
118,71,75,68,82,586
77,93,76,108,80,566
65,103,84,78,104,566
86,80,93,79,90,572
75,70,83,79,89,604
118,63,70,78,83,588
86,83,85,139,92,515
105,74,100,91,66,564
84,75,88,111,92,550
67,75,133,80,74,571
86,81,73,94,86,580
73,75,93,81,113,565
79,96,76,75,99,575
86,86,103,74,91,560
77,75,91,74,84,599
87,116,82,74,74,567
81,101,67,61,87,603
98,91,145,84,99,483
69,93,79,83,85,591
80,68,125,63,70,594
86,87,89,72,92,574
100,81,77,105,81,556
86,86,69,70,108,581
77,96,140,69,95,523
98,69,103,102,79,549
88,64,78,85,132,553
76,119,98,104,99,504
120,94,82,87,75,542
76,77,73,96,104,574
70,137,62,76,82,573
70,103,139,68,111,509
120,68,87,113,83,529
96,76,141,81,90,516
79,92,96,93,74,566
74,79,72,82,118,575
104,102,75,78,100,541
82,74,72,117,84,571
74,112,70,94,73,577
98,80,101,74,74,573
107,68,77,76,89,583
101,98,97,70,70,564
86,73,84,67,115,575
89,100,80,70,98,563
82,86,68,65,64,635
92,82,72,77,84,593
90,85,86,146,70,523
79,96,62,97,100,566
69,65,117,81,66,602
80,74,105,82,79,580
74,78,89,66,122,571
78,71,65,109,89,588
76,91,105,93,62,573
85,91,80,75,145,524
120,70,80,73,81,576
104,66,61,92,93,584
94,132,75,85,73,541
77,93,67,94,72,597
96,78,89,71,82,584
93,82,73,100,102,550
80,70,61,87,129,573
70,107,144,82,87,510
87,75,100,82,74,582
69,79,78,120,70,584
88,77,70,89,90,586
76,76,119,76,73,580
70,88,85,77,105,575
97,81,78,154,69,521
79,80,85,93,86,577
80,121,72,81,79,567
78,81,92,75,104,570
80,69,62,75,81,633
69,68,172,81,71,539
75,88,112,81,96,548
77,133,57,68,69,596
91,97,150,92,83,487
80,78,102,90,80,570
76,94,86,88,106,550
70,76,73,72,78,631
108,74,104,77,72,565
85,73,81,79,114,568
70,68,93,105,93,571
101,87,82,89,84,557
89,109,154,75,70,503
61,92,92,88,96,571
171,82,89,114,92,452
105,106,69,69,65,586
76,87,92,91,83,571
74,66,78,74,133,575
79,85,87,85,91,573
69,108,85,72,80,586
90,76,71,98,78,587
68,132,81,109,104,506
103,95,72,96,88,546
96,84,163,92,82,483
87,67,106,80,84,576
74,66,94,76,64,626
74,105,84,91,70,576
58,102,123,66,67,584
84,78,89,89,87,573
87,107,67,83,75,581
77,83,92,104,81,563
60,114,79,87,74,586
138,79,75,71,95,542
109,73,98,104,75,541
86,68,79,71,111,585
115,88,69,57,99,572
105,78,61,58,74,624
73,68,104,105,75,575
71,88,112,91,78,560
67,126,76,75,85,571
69,87,100,73,90,581
129,91,87,85,79,529
93,73,70,78,70,616
89,82,70,95,86,578
76,100,80,77,97,570
73,108,100,71,84,564
66,87,79,121,72,575
63,102,88,77,76,594
89,91,104,83,71,562
77,105,85,111,65,557
90,92,80,97,63,578
80,83,109,81,97,550
70,88,85,60,87,610
75,83,79,107,80,576
68,101,93,99,71,568
64,89,79,92,107,569
112,80,70,81,97,560
91,92,68,96,80,573
78,69,111,84,77,581
69,93,91,78,93,576
67,85,83,114,87,564
73,76,117,92,83,559
91,72,85,88,108,556
79,68,75,68,81,629
111,86,68,79,104,552
89,90,79,84,82,576
99,67,64,109,78,583
95,107,70,82,79,567
89,95,91,83,132,510
94,85,86,95,89,551
69,89,72,79,74,617
84,80,74,79,99,584
83,86,76,79,98,578
91,109,81,70,71,578
78,100,67,88,103,564
82,82,86,111,80,559
97,97,71,73,66,596
85,71,102,81,149,512
80,81,87,77,103,572
73,78,79,78,78,614
84,71,106,77,107,555
82,89,94,96,73,566
69,73,81,91,74,612
87,96,73,86,95,563
75,79,104,66,108,568
145,73,99,64,80,539
101,122,91,109,76,501
61,96,94,89,133,527
102,78,85,75,90,570
67,94,101,82,94,562
106,76,86,72,89,571
83,80,82,78,75,602
82,128,72,83,76,559
95,88,71,88,82,576
86,79,99,106,68,562
90,91,108,76,63,572
88,104,84,71,135,518
107,71,81,65,91,585
78,86,65,89,90,592
80,109,99,67,78,567
103,95,82,91,73,556
93,94,59,80,147,527
74,91,109,69,83,574
79,76,92,110,74,569
127,69,78,76,78,572
86,73,116,76,74,575
76,108,69,73,79,595
73,68,91,73,86,609
88,61,123,75,88,565
79,65,85,84,126,561
79,93,76,95,80,577
65,81,64,96,72,622
106,80,60,80,83,591
83,71,56,113,89,588
78,86,135,87,108,506
122,71,85,80,71,571
87,165,79,79,66,524
73,92,91,100,122,522
69,64,120,88,100,559
92,89,80,71,87,581
69,105,91,142,85,508
71,86,91,85,92,575
76,66,73,123,76,586
105,92,86,90,73,554
91,66,91,77,118,557
81,113,85,72,98,551
110,89,85,68,82,566
82,75,79,166,76,522
84,82,85,111,88,550
106,77,102,78,74,563
79,75,82,125,85,554
94,79,70,84,93,580
78,81,122,78,68,573
62,98,98,76,138,528
78,69,79,102,106,566
81,79,68,73,67,632
75,63,90,102,148,522
87,87,68,83,89,586
109,81,92,75,81,562
75,75,74,91,98,587
79,69,155,108,85,504
89,78,98,87,86,562
80,124,86,81,74,555
71,102,99,92,67,569
89,91,81,78,84,577
85,123,75,74,73,570
100,94,70,82,72,582
64,84,73,75,132,572
134,80,83,103,84,516
90,100,78,74,103,555
80,81,117,78,87,557
70,83,103,91,87,566
83,85,101,105,84,542
123,82,65,81,75,574
80,68,95,81,131,545
89,89,69,88,84,581
89,78,69,81,114,569
87,103,96,59,85,570
91,90,101,99,73,546
84,75,90,68,118,565
81,71,109,87,85,567
107,80,88,83,87,555
82,76,85,88,66,603
120,96,71,78,76,559
103,80,66,64,127,560
99,80,87,75,90,569
73,111,81,95,87,553
110,87,68,86,71,578
86,84,70,89,98,573
78,100,73,102,83,564
86,87,131,76,78,542
69,72,102,69,63,625
151,86,80,64,101,518
93,95,74,119,84,535
78,87,79,102,63,591
85,74,88,100,84,569
128,74,69,80,69,580
87,76,99,70,98,570
91,82,67,89,84,587
84,142,62,81,83,548
77,101,80,80,97,565
68,84,118,69,86,575
147,76,79,65,80,553
96,68,76,82,100,578
75,63,69,72,93,628
93,75,83,90,94,565
89,85,103,77,78,568
80,76,101,70,114,559
93,91,69,98,89,560
66,91,118,70,81,574
71,73,76,103,102,575
70,87,80,78,113,572
151,75,75,74,79,546
98,66,84,59,76,617
92,64,87,63,70,624
80,77,64,134,68,577
82,87,84,89,76,582
81,98,114,72,67,568
70,82,92,105,73,578
119,75,83,92,70,561
89,124,75,75,72,565
75,90,71,110,80,574
113,69,61,90,84,583
90,53,104,74,93,586
79,109,97,70,86,559
73,89,79,86,104,569
67,66,116,79,92,580
69,99,84,92,81,575
72,102,82,102,96,546
60,91,78,73,93,605
81,85,76,116,78,564
79,101,64,84,101,571
71,74,67,103,124,561
85,81,80,79,96,579
70,69,109,79,84,589
140,80,84,97,78,521
91,88,99,82,88,552
80,64,82,113,72,589
75,70,68,70,133,584
90,88,73,82,95,572
91,95,85,94,70,565
122,87,70,78,76,567
72,58,72,122,69,607
78,80,75,79,92,596
78,97,96,68,109,552
116,71,79,65,99,570
108,146,102,56,81,507
90,98,80,76,143,513
139,85,68,87,93,528
99,108,120,79,74,520
69,89,90,120,71,561
73,75,100,94,98,560
86,64,82,87,118,563
85,82,86,98,78,571
71,105,74,64,109,577
89,83,98,83,78,569
65,120,91,63,71,590
116,104,76,65,80,559
93,87,72,102,72,574
70,83,69,90,54,634
106,79,68,78,129,540
80,111,74,77,91,567
65,101,112,66,92,564
92,72,71,93,85,587
93,104,61,74,79,589
116,108,76,67,73,560
89,100,71,112,71,557
87,68,100,103,90,552
121,80,79,73,69,578
82,80,69,87,99,583
103,80,125,75,85,532
99,70,86,100,69,576
90,75,110,82,129,514
68,62,90,135,86,559
102,77,81,85,80,575
84,104,76,69,97,570
103,84,86,78,73,576
90,67,75,72,112,584
66,87,145,96,83,523
111,65,97,86,82,559
79,117,75,77,64,588
80,99,90,68,74,589
96,111,74,89,115,515
107,88,90,88,79,548
137,78,71,70,64,580
89,87,99,71,83,571
85,83,82,73,110,567
112,66,75,65,86,596
96,78,79,167,64,516
97,70,95,89,81,568
90,94,81,83,81,571
77,79,62,68,85,629
69,91,109,79,81,571
90,83,84,101,137,505
74,109,76,74,97,570
78,86,67,126,79,564
102,130,93,94,78,503
91,90,82,121,62,554
85,74,107,84,134,516
68,155,86,71,88,532
87,99,70,60,109,575
76,71,97,86,84,586
86,113,80,83,75,563
104,98,109,74,65,550
89,91,90,106,71,553
73,84,80,80,70,613
79,140,76,79,99,527
61,82,113,81,82,581
112,90,72,81,73,572
87,89,63,118,68,575
71,68,94,80,99,588
66,70,76,111,76,601
90,61,151,81,78,539
106,121,86,77,63,547
87,103,65,77,113,555
108,87,55,100,104,546
94,81,120,77,80,548
75,71,81,81,71,621
82,93,69,86,145,525
69,76,114,79,83,579
76,102,90,73,67,592
100,73,80,94,77,576
79,114,77,86,82,562
81,84,108,73,74,580
87,70,94,86,131,532
84,69,86,100,88,573
154,99,68,101,87,491
116,91,67,73,94,559
89,72,104,68,82,585
100,81,82,71,96,570
100,88,92,123,77,520
82,74,80,91,118,555
83,117,87,70,97,546
105,72,98,63,90,572
78,69,97,117,64,575
73,53,92,76,122,584
96,89,93,69,88,565
85,110,80,90,90,545
99,79,70,81,72,599
66,69,65,104,111,585
85,95,69,80,93,578
71,81,85,108,75,580
157,73,85,86,74,525
99,105,82,79,133,502
90,79,94,81,84,572
101,76,104,90,74,555
95,68,86,99,93,559
92,89,82,67,89,581
83,81,74,67,80,615
79,83,116,68,66,588
87,91,80,72,161,509
66,73,145,88,98,530
91,88,82,77,96,566
85,78,74,76,76,611
77,85,75,114,77,572
58,76,100,95,86,585
82,76,77,110,96,559
103,73,89,72,88,575
86,75,102,100,69,568
87,85,92,86,95,555
77,129,66,84,71,573
64,87,96,73,111,569
82,76,96,90,92,564
104,61,81,97,96,561
84,143,81,83,80,529
91,86,112,115,99,497
80,111,87,74,86,562
64,94,77,73,131,561
82,95,70,97,91,565
93,75,80,78,118,556
95,82,75,66,96,586
