Groups 1,Groups 2,Groups 3,Groups 4,Groups 5,free agent
100,100,100,100,100,500
78,79,69,123,91,560
70,83,118,80,75,574
112,74,76,78,62,598
93,82,73,92,86,574
91,70,65,67,79,628
90,60,131,106,84,529
87,84,86,96,101,546
110,81,69,81,79,580
91,71,99,74,91,574
81,64,74,131,74,576
72,83,74,100,104,567
117,77,70,82,85,569
97,72,100,61,102,568
95,101,82,135,70,517
79,78,124,92,63,564
71,63,106,68,107,585
74,61,77,73,145,570
87,69,84,86,97,577
68,70,76,142,82,562
110,83,73,103,97,534
85,70,119,90,76,560
79,62,79,87,110,583
96,67,95,80,76,586
89,67,95,74,121,554
78,109,97,75,95,546
69,92,82,116,70,571
69,77,110,92,132,520
88,94,99,87,90,542
74,72,68,65,75,646
75,80,81,92,109,563
81,75,77,107,106,554
78,75,111,82,98,556
98,112,92,59,79,560
102,99,86,78,90,545
78,88,65,98,94,577
82,80,150,75,88,525
80,96,99,88,69,568
63,74,89,78,67,629
71,82,86,67,66,628
93,88,80,97,75,567
78,76,66,88,115,577
66,78,118,84,75,579
89,101,79,74,86,571
77,70,70,70,82,631
90,88,67,94,76,585
78,69,139,69,116,529
95,61,92,90,79,583
89,113,75,68,75,580
87,87,70,61,115,580
75,95,92,81,94,563
96,82,97,75,80,570
84,107,72,77,97,563
99,95,88,90,75,553
83,84,83,77,126,547
89,90,90,80,84,567
86,73,77,144,80,540
85,95,91,82,79,568
71,85,78,132,67,567
75,86,88,104,72,575
74,74,76,85,125,566
82,73,107,76,73,589
71,77,89,72,116,575
68,67,86,167,80,532
123,89,85,87,74,542
82,72,65,79,64,638
109,71,79,102,74,565
91,141,66,92,99,511
76,91,86,73,110,564
84,60,79,75,69,633
75,78,89,71,168,519
82,87,91,75,100,565
68,76,80,114,74,588
84,83,94,99,89,551
78,72,79,75,75,621
70,67,74,116,73,600
76,96,92,94,70,572
102,69,80,84,82,583
89,128,106,81,70,526
63,77,88,62,154,556
83,94,91,126,90,516
74,72,68,80,74,632
71,103,100,74,81,571
78,73,76,72,119,582
80,132,99,73,84,532
85,93,93,81,75,573
70,91,95,84,98,562
64,79,70,57,105,625
94,71,82,138,94,521
96,134,72,83,78,537
85,77,76,70,102,590
63,95,70,92,104,576
96,84,60,76,81,603
80,78,139,76,89,538
97,70,105,86,75,567
76,60,91,130,68,575
84,103,110,97,110,496
119,93,75,79,88,546
85,84,126,64,83,558
75,95,80,103,74,573
71,72,70,76,117,594
85,110,70,71,89,575
72,78,112,81,75,582
69,97,82,70,101,581
64,136,71,60,90,579
92,95,69,73,104,567
81,72,125,79,90,553
74,63,88,77,79,619
67,65,85,85,75,623
78,90,87,77,95,573
97,74,78,88,108,555
80,67,71,78,91,613
102,64,59,108,75,592
74,69,61,84,118,594
56,72,112,86,81,593
141,89,89,74,69,538
99,71,95,150,70,515
82,80,77,85,88,588
71,78,55,96,113,587
87,83,96,82,87,565
80,130,66,65,74,585
68,96,65,102,110,559
93,82,149,77,89,510
108,90,85,68,76,573
79,77,70,93,118,563
113,75,86,87,80,559
96,94,70,81,108,551
85,120,73,77,70,575
103,85,70,79,87,576
128,76,69,65,93,569
94,100,87,69,107,543
101,68,79,149,95,508
75,124,89,96,92,524
62,98,75,79,79,607
100,73,98,102,81,546
72,100,90,70,95,573
92,83,72,96,90,567
94,81,95,88,78,564
76,80,89,61,115,579
86,83,80,146,84,521
86,73,104,90,66,581
85,121,76,99,65,554
75,80,75,82,119,569
60,149,75,100,79,537
112,97,69,86,68,568
74,86,68,117,65,590
76,80,90,82,145,527
153,59,75,84,104,525
93,90,87,66,88,576
84,75,76,111,91,563
87,104,86,87,72,564
123,85,73,91,68,560
90,80,76,86,96,572
91,63,108,100,80,558
71,62,90,81,76,620
54,92,91,90,95,578
84,83,87,74,107,565
93,75,88,60,75,609
84,81,86,85,100,564
86,67,79,73,90,605
94,108,69,60,85,584
97,73,119,58,78,575
89,72,80,136,96,527
91,79,82,104,95,549
132,61,84,88,64,571
99,93,72,94,89,553
66,87,83,102,72,590
133,92,108,84,69,514
81,77,76,80,159,527
89,79,81,74,93,584
79,127,81,72,80,561
69,87,78,66,70,630
172,96,79,70,75,508
107,72,76,87,76,582
98,64,98,79,94,567
81,95,84,97,85,558
70,77,76,71,69,637
70,70,96,101,84,579
109,78,84,98,71,560
70,79,67,83,79,622
113,75,88,66,83,575
83,94,78,68,110,567
91,90,79,75,83,582
69,76,80,111,80,584
111,64,74,99,81,571
104,86,97,83,79,551
96,83,77,102,123,519
85,80,118,82,71,564
128,70,88,69,83,562
92,88,94,87,83,556
66,82,71,71,78,632
91,93,67,71,95,583
84,79,145,90,87,515
113,81,77,84,63,582
107,83,107,74,81,548
84,84,75,65,119,573
92,68,79,69,84,608
80,65,106,109,76,564
82,111,87,81,78,561
73,82,76,86,110,573
94,80,85,103,88,550
80,66,97,95,104,558
112,63,85,68,77,595
86,88,103,59,72,592
58,104,90,78,91,579
75,79,97,89,96,564
52,79,81,75,85,628
102,70,79,99,64,586
70,94,76,69,102,589
76,61,67,149,84,563
72,139,105,94,71,519
89,82,77,104,55,593
69,90,101,107,70,563
79,78,84,91,56,612
64,82,107,86,77,584
55,98,93,100,85,569
78,91,89,78,106,558
66,67,104,96,98,569
114,66,90,72,74,584
87,75,101,142,88,507
109,60,88,89,87,567
86,83,88,75,82,586
82,77,76,75,128,562
74,84,93,81,81,587
71,67,87,80,77,618
64,122,74,79,79,582
71,88,66,97,97,581
97,75,90,70,77,591
82,120,70,70,68,590
76,96,98,90,120,520
147,81,93,90,64,525
82,69,68,96,99,586
101,56,89,81,86,587
72,126,77,75,78,572
136,93,85,88,75,523
100,80,63,113,85,559
85,85,84,84,91,571
80,92,81,161,64,522
98,66,82,108,84,562
67,88,70,96,101,578
66,123,81,90,82,558
84,86,107,72,73,578
92,99,82,68,147,512
79,83,71,151,96,520
58,73,67,97,80,625
99,66,131,92,86,526
91,148,106,78,78,499
58,101,82,105,75,579
154,74,73,88,99,512
86,95,87,71,84,577
67,71,76,105,81,600
69,89,97,78,93,574
74,72,79,75,101,599
69,109,75,106,90,551
93,93,97,94,69,554
65,87,118,72,82,576
142,78,73,68,76,563
96,80,63,111,78,572
100,99,71,90,89,551
75,86,99,104,69,567
99,98,101,71,69,562
87,81,89,96,83,564
94,82,71,77,92,584
79,96,82,95,77,571
72,88,72,72,168,528
95,74,91,70,104,566
69,99,81,87,91,573
97,89,60,105,64,585
95,86,139,72,99,509
78,69,97,104,76,576
96,64,88,82,95,575
87,111,85,84,75,558
71,89,95,74,112,559
116,75,84,65,84,576
84,92,93,131,72,528
82,68,87,101,98,564
77,59,73,85,89,617
77,181,75,84,88,495
89,104,80,83,76,568
100,91,97,96,71,545
87,71,71,80,111,580
70,97,81,72,88,592
85,82,100,80,95,558
85,73,76,98,83,585
84,87,137,95,94,503
63,69,83,119,80,586
79,93,96,89,73,570
93,68,71,99,76,593
78,88,83,84,92,575
68,83,68,112,117,552
101,74,95,86,94,550
87,166,71,80,93,503
82,98,64,67,72,617
102,74,137,96,101,490
66,145,100,89,90,510
131,89,81,77,85,537
89,77,76,79,59,620
106,66,82,90,84,572
92,62,73,124,77,572
63,70,107,83,88,589
118,67,93,74,60,588
84,109,92,92,64,559
72,89,114,88,88,549
72,93,84,79,69,603
132,82,94,82,77,533
89,89,108,61,92,561
72,91,74,147,82,534
151,83,74,89,75,528
91,73,77,66,127,566
81,91,80,86,89,573
105,117,65,89,69,555
83,86,103,74,71,583
79,104,104,99,55,559
61,79,83,86,155,536
77,91,97,92,91,552
72,69,85,139,71,564
69,92,86,96,89,568
83,70,127,72,85,563
77,88,90,106,74,565
94,78,75,78,95,580
126,64,75,70,92,573
91,61,91,62,122,573
111,93,91,77,87,541
95,100,85,86,100,534
74,70,125,81,69,581
72,68,81,75,111,593
68,82,80,78,97,595
105,96,88,67,77,567
72,84,77,76,123,568
165,89,71,84,81,510
101,90,89,60,72,588
76,82,77,123,128,514
57,109,84,95,83,572
78,71,78,101,104,568
66,68,62,86,84,634
109,71,86,69,102,563
85,52,90,164,73,536
89,75,93,114,74,555
78,71,96,79,124,552
124,60,85,76,85,570
91,81,101,80,88,559
81,111,85,80,99,544
61,88,122,77,82,570
156,81,88,69,78,528
114,78,94,101,118,495
81,68,84,87,80,600
73,99,85,71,110,562
65,83,121,73,84,574
77,91,112,90,88,542
123,73,93,74,72,565
83,95,66,95,98,563
79,92,90,110,76,553
104,84,74,87,98,553
77,71,88,109,81,574
71,98,90,85,90,566
108,81,76,74,94,567
76,101,58,103,79,583
103,68,80,100,71,578
86,100,76,77,104,557
75,86,121,70,76,572
81,71,77,109,82,580
70,85,159,91,75,520
75,78,88,74,71,614
107,77,78,94,66,578
85,78,118,93,78,548
76,131,79,67,80,567
83,100,72,83,106,556
108,86,86,88,93,539
76,73,81,80,120,570
121,69,81,73,96,560
90,94,101,80,84,551
76,85,90,97,95,557
90,99,80,70,95,566
105,76,89,74,80,576
91,86,90,84,78,571
88,84,88,73,73,594
103,104,89,66,86,552
92,80,69,83,88,588
69,98,103,85,75,570
74,81,79,77,64,625
83,81,91,90,88,567
108,75,72,81,78,586
89,68,126,87,73,557
72,110,91,72,81,574
87,89,88,89,85,562
98,79,104,76,79,564
105,98,70,104,60,563
97,86,103,72,83,559
81,73,78,73,127,568
78,93,92,69,102,566
78,69,77,121,87,568
70,92,110,92,71,565
171,79,79,73,59,539
104,93,96,74,67,566
86,74,99,70,163,508
69,92,99,97,98,545
72,74,88,81,90,595
94,101,78,67,83,577
104,85,91,71,91,558
89,62,119,93,90,547
77,85,80,104,75,579
109,76,73,83,96,563
93,80,58,185,75,509
75,72,116,110,101,526
63,75,77,67,77,641
58,91,99,135,90,527
52,111,78,84,84,591
61,79,108,82,85,585
103,81,82,86,55,593
90,70,67,83,102,588
81,158,64,91,82,524
96,95,134,81,76,518
101,101,93,68,87,550
72,82,78,166,78,524
88,75,95,99,70,573
82,60,75,81,121,581
91,79,87,72,91,580
69,129,78,83,76,565
111,91,71,67,121,539
99,75,69,57,83,617
88,87,71,82,100,572
84,70,115,65,94,572
77,173,93,61,62,534
105,95,76,66,95,563
91,79,103,88,72,567
118,74,89,91,100,528
88,76,78,120,71,567
73,80,70,100,97,580
86,73,119,79,83,560
69,65,71,56,72,667
98,72,75,82,80,593
93,119,60,72,64,592
80,85,110,69,59,597
79,81,87,115,64,574
73,107,81,97,67,575
94,101,73,77,90,565
78,67,95,71,111,578
72,60,76,122,64,606
71,68,84,106,93,578
114,61,82,71,87,585
92,117,75,68,83,565
72,99,74,113,65,577
123,78,66,90,69,574
99,75,72,68,69,617
84,99,69,82,98,568
105,89,91,72,72,571
74,93,75,119,72,567
76,79,91,84,99,571
75,71,78,84,88,604
71,79,66,76,122,586
83,101,91,67,95,563
84,90,70,89,76,591
65,74,72,71,117,601
85,97,90,96,79,553
77,69,70,80,134,570
94,63,93,80,99,571
70,86,82,74,107,581
93,97,90,78,86,556
96,78,66,64,66,630
84,107,88,72,69,580
77,72,85,78,109,579
114,83,68,78,87,570
95,95,134,78,71,527
110,82,78,92,75,563
66,67,93,81,132,561
90,78,60,102,97,573
84,93,48,97,75,603
68,87,101,79,74,591
78,84,87,70,76,605
88,94,71,82,98,567
82,83,94,76,112,553
74,61,88,113,92,572
73,71,75,89,88,604
121,77,77,68,78,579
96,87,86,79,73,579
93,71,87,98,87,564
78,97,106,77,71,571
60,80,96,77,107,580
100,70,82,98,69,581
82,118,69,86,75,570
101,78,83,82,88,568
78,148,82,69,60,563
81,102,78,81,81,577
85,98,67,95,86,569
78,80,74,88,116,564
68,69,75,73,97,618
114,83,84,65,69,585
87,89,87,86,93,558
75,75,115,70,77,588
67,83,88,142,88,532
129,84,90,102,76,519
85,80,76,72,117,570
78,79,77,66,87,613
79,72,76,151,106,516
87,70,84,108,75,576
84,69,71,89,72,615
89,82,61,82,64,622
82,79,110,70,85,574
92,87,72,132,95,522
93,95,88,96,79,549
74,78,111,87,77,573
91,77,81,82,88,581
81,86,89,85,107,552
87,86,87,88,81,571
83,77,74,81,174,511
74,106,73,66,105,576
140,99,58,108,85,510
99,65,108,96,65,567
86,102,78,83,122,529
82,73,113,83,77,572
82,113,79,64,80,582
98,77,87,113,67,558
101,73,96,72,93,565
89,130,92,68,71,550
77,103,106,70,87,557
80,88,83,151,71,527
80,80,82,97,89,572
81,152,106,82,72,507
105,100,92,69,64,570
98,68,72,85,165,512
94,139,72,75,100,520
94,91,133,73,83,526
81,96,98,91,79,555
92,69,90,78,87,584
93,79,76,94,89,569
94,76,71,85,80,594
93,92,66,106,61,582
124,73,89,87,71,556
82,75,86,78,108,571
72,88,95,139,90,516
59,65,116,98,92,570
51,111,91,81,82,584
92,90,64,107,80,567
80,72,131,92,94,531
80,131,103,97,89,500
109,95,80,82,75,559
65,78,116,77,89,575
117,78,87,69,74,575
88,83,93,75,96,565
77,73,74,129,86,561
87,94,92,76,76,575
74,92,80,91,99,564
99,98,83,94,75,551
77,87,75,71,68,622
85,64,79,93,106,573
65,88,101,94,72,580
130,79,77,79,66,569
105,56,74,128,75,562
94,87,81,92,74,572
81,75,93,68,78,605
82,69,75,74,72,628
81,83,96,142,79,519
127,89,84,97,72,531
90,81,84,99,88,558
89,90,60,72,112,577
75,75,95,92,103,560
97,70,80,78,84,591
78,66,74,80,69,633
73,90,124,74,65,574
92,99,81,86,120,522
65,91,83,150,95,516
86,78,103,99,75,559
80,106,90,73,100,551
92,92,108,65,87,556
76,71,84,121,71,577
95,121,80,104,65,535
81,93,88,107,84,547
112,75,80,92,76,565
88,103,78,91,86,554
78,83,107,83,64,585
76,94,78,71,118,563
62,83,72,105,90,588
58,78,126,90,93,555
160,80,91,64,89,516
95,91,94,138,69,513
125,73,79,84,71,568
94,71,74,119,65,577
80,66,104,82,90,578
82,115,75,108,89,531
76,100,102,78,77,567
94,89,81,104,73,559
94,101,68,90,83,564
112,70,93,90,77,558
92,88,84,72,87,577
87,92,76,99,66,580
72,84,92,91,84,577
89,135,106,90,77,503
83,97,70,82,89,579
75,90,90,108,68,569
70,81,79,105,106,559
60,73,123,77,94,573
95,71,104,64,81,585
86,66,85,59,123,581
89,86,71,80,100,574
80,77,60,83,83,617
104,98,140,81,79,498
90,75,96,103,90,546
75,64,125,92,88,556
81,90,88,91,85,565
73,68,122,82,71,584
86,69,86,80,94,585
90,55,76,90,118,571
84,95,91,86,98,546
74,77,81,119,92,557
66,96,103,102,86,547
87,115,76,85,66,571
89,77,80,109,72,573
112,100,74,100,75,539
82,91,95,68,82,582
69,83,70,124,81,573
89,92,85,86,96,552
79,95,62,105,85,574
80,98,79,76,74,593
66,110,65,101,93,565
57,94,100,71,83,595
129,74,116,82,89,510
91,113,86,68,69,573
71,82,74,87,95,591
111,68,77,81,86,577
80,85,171,62,91,511
83,90,107,78,100,542
135,66,88,81,79,551
95,81,102,83,92,547
73,98,91,68,108,562
66,75,79,62,84,634
90,69,59,129,102,551
69,67,135,89,87,553
98,98,93,61,94,556
89,78,88,53,79,613
87,90,69,88,102,564
71,82,152,101,91,503
81,85,96,85,79,574
116,63,86,79,91,565
82,85,98,63,98,574
75,109,93,69,79,575
66,72,80,69,79,634
88,92,84,68,98,570
86,89,104,92,82,547
127,83,63,89,71,567
112,89,84,79,85,551
77,90,78,63,117,575
66,73,82,111,80,588
91,80,93,70,90,576
95,71,72,84,97,581
76,60,95,106,95,568
86,91,95,93,81,554
76,97,82,80,75,590
94,69,70,96,104,567
92,146,88,77,88,509
78,111,75,66,70,600
74,101,104,71,136,514
60,86,59,116,106,573
122,71,62,99,76,570
74,74,102,105,57,588
72,102,78,76,99,573
70,93,103,103,75,556
105,85,75,83,79,573
99,121,82,74,74,550
78,93,95,87,96,551
69,79,82,77,77,616
76,62,97,86,83,596
82,65,94,95,112,552
108,85,82,81,87,557
115,83,101,70,53,578
80,81,75,91,129,544
106,69,89,96,79,561
82,76,90,74,91,587
89,101,79,89,82,560
78,73,126,72,79,572
96,100,88,68,82,566
90,83,61,74,131,561
83,106,41,88,102,580
86,90,125,101,81,517
99,87,82,83,87,562
90,76,65,89,122,558
69,82,114,78,100,557
93,102,85,67,77,576
83,70,80,128,67,572
82,120,72,107,61,558
76,78,125,83,61,577
73,106,79,80,60,602
68,85,159,71,89,528
90,96,100,85,69,560
119,85,93,66,65,572
97,97,82,101,60,563
86,69,94,104,115,532
70,99,75,76,113,567
60,89,65,103,96,587
51,79,98,82,113,577
116,79,92,63,91,559
105,65,66,81,61,622
92,91,100,99,65,553
79,122,80,72,68,579
68,93,95,72,96,576
98,73,102,103,83,541
80,125,83,61,72,579
82,92,98,94,72,562
88,99,78,79,90,566
81,79,68,87,107,578
74,74,93,106,73,580
160,79,88,71,73,529
104,75,80,82,94,565
88,67,113,89,86,557
83,122,79,76,67,573
93,88,73,94,81,571
82,89,115,84,74,556
72,84,98,114,73,559
63,72,82,79,65,639
87,92,100,78,81,562
78,75,88,92,95,572
128,69,80,77,76,570
84,85,86,89,86,570
96,93,73,110,69,559
69,77,95,80,95,584
72,117,86,65,100,560
92,84,75,95,80,574
80,78,89,71,98,584
72,69,72,86,142,559
89,80,88,86,106,551
78,65,76,79,71,631
82,80,88,90,89,571
75,101,77,79,79,589
76,82,104,103,66,569
83,108,85,95,67,562
100,77,84,73,94,572
67,73,78,166,90,526
78,83,98,100,79,562
130,85,65,93,72,555
81,96,98,79,58,588
102,87,70,78,134,529
72,79,93,74,89,593
73,132,65,66,79,585
76,92,81,88,73,590
66,77,80,127,63,587
73,70,84,87,115,571
109,70,85,86,81,569
81,86,102,73,63,595
104,72,87,92,90,555
87,70,72,81,66,624
76,105,72,90,97,560
72,103,111,75,92,547
79,76,84,115,79,567
74,128,70,83,80,565
83,89,78,77,104,569
83,68,94,94,77,584
77,92,82,77,86,586
101,85,76,97,75,566
80,83,76,86,67,608
61,61,67,114,83,614
103,139,74,81,79,524
72,94,148,67,82,537
70,125,80,70,84,571
101,96,86,80,77,560
79,64,86,72,131,568
76,72,106,111,83,552
87,99,94,80,69,571
87,85,109,97,81,541
96,87,96,94,70,557
77,78,81,117,85,562
87,100,93,94,91,535
72,94,64,82,127,561
88,98,79,79,104,552
62,72,109,72,92,593
76,88,80,86,84,586
116,72,77,80,80,575
101,69,75,104,75,576
67,180,57,77,83,536
78,106,86,98,67,565
101,80,91,109,85,534
76,120,84,82,75,563
74,80,73,63,82,628
72,73,92,96,78,589
116,69,88,79,77,571
90,100,75,64,73,598
71,99,87,144,75,524
110,76,84,100,70,560
76,64,103,106,94,557
70,86,88,73,106,577
72,99,99,99,91,540
110,90,75,81,74,570
81,104,69,106,72,568
81,90,102,92,78,557
72,106,95,72,91,564
67,81,70,95,123,564
115,75,68,87,95,560
75,85,87,101,88,564
96,76,77,83,104,564
65,67,76,119,74,599
123,68,92,84,106,527
80,125,75,72,96,552
92,82,74,91,96,565
106,65,97,81,100,551
94,93,84,77,77,575
88,104,89,83,79,557
90,83,73,111,67,576
97,96,99,79,65,564
68,84,91,77,118,562
148,71,72,100,96,513
95,92,85,88,73,567
76,84,84,69,69,618
74,84,121,71,72,578
102,82,84,94,68,570
81,73,73,69,67,637
84,95,60,76,114,571
100,80,93,75,99,553
68,131,89,106,79,527
87,85,66,90,90,582
98,78,95,79,80,570
75,87,69,106,88,575
68,66,74,91,85,616
95,61,94,102,78,570
79,61,80,90,116,574
86,83,81,86,90,574
69,76,103,77,92,583
78,77,88,78,103,576
108,81,75,60,75,601
88,103,74,72,102,561
72,96,103,74,86,569
84,81,85,93,112,545
72,80,60,81,81,626
90,97,123,74,83,533
78,69,96,83,78,596
83,83,87,66,98,583
108,77,81,95,82,557
87,82,93,74,93,571
91,87,67,90,87,578
79,100,77,77,102,565
81,75,119,79,70,576
89,81,78,77,91,584
77,121,79,76,63,584
92,69,75,87,99,578
105,96,71,78,71,579
82,85,129,85,103,516
72,103,94,105,67,559
83,117,92,79,84,545
73,83,76,75,76,617
114,84,67,73,110,552
79,88,139,90,90,514
109,68,85,86,105,547
78,90,109,70,81,572
82,73,74,121,75,575
85,144,87,92,69,523
102,85,66,92,56,599
91,80,134,79,100,516
106,75,93,82,91,553
80,109,71,97,79,564
92,96,96,85,56,575
79,79,65,85,99,593
70,74,66,82,97,611
116,70,68,77,84,585
86,119,70,76,76,573
128,95,53,73,99,552
89,82,141,80,91,517
83,79,80,93,97,568
82,91,92,87,101,547
77,123,64,64,92,580
185,77,48,70,90,530
97,74,80,63,112,574
84,68,74,111,97,566
75,98,126,72,85,544
136,71,85,75,100,533
93,61,90,116,82,558
79,48,69,86,145,573
91,171,92,75,108,463
85,95,74,105,81,560
117,95,75,75,96,542
73,121,90,81,79,556
60,101,79,113,78,569
133,80,81,119,76,511
95,87,84,80,81,573
75,79,74,121,74,577
66,119,67,88,78,582
77,82,74,98,95,574
75,67,87,104,102,565
92,70,76,109,89,564
92,75,92,80,93,568
94,162,88,85,70,501
85,121,68,72,97,557
114,94,78,94,62,558
90,93,67,69,149,532
83,69,162,78,78,530
83,59,105,80,83,590
69,98,86,102,73,572
89,95,102,73,99,542
79,71,78,67,95,610
90,140,74,95,89,512
85,86,137,88,83,521
73,75,92,71,73,616
113,82,97,62,71,575
80,91,80,84,94,571
86,66,71,122,69,586
79,119,77,88,69,568
70,94,109,68,74,585
80,64,77,155,94,530
91,55,95,95,87,577
77,96,69,88,83,587
70,87,115,93,79,556
89,77,102,79,100,553
93,85,80,81,97,564
75,94,75,98,76,582
105,91,81,79,91,553
92,74,75,107,78,574
61,108,79,83,93,576
96,90,155,68,82,509
76,69,98,88,92,577
153,87,83,90,83,504
101,87,86,73,86,567
70,84,87,116,69,574
101,77,99,94,61,568
90,92,71,83,94,570
121,84,69,73,88,565
86,74,96,108,67,569
66,77,71,89,122,575
136,87,85,85,88,519
86,77,58,112,77,590
89,96,88,78,98,551
107,81,91,90,63,568
93,84,78,70,120,555
82,88,78,107,75,570
79,99,83,105,83,551
66,85,97,99,104,549
89,95,91,98,81,546
76,83,73,77,74,617
65,81,73,108,117,556
113,85,74,66,80,582
84,70,76,68,83,619
86,113,67,76,68,590
81,72,91,72,99,585
80,67,73,126,84,570
76,121,67,80,81,575
77,89,95,102,74,563
100,82,84,83,86,565
82,107,72,81,75,583
126,84,63,78,102,547
83,79,98,103,80,557
80,67,130,87,69,567
100,82,91,103,58,566
75,78,67,86,106,588
108,92,75,81,81,563
84,76,73,96,107,564
78,74,110,77,87,574
75,61,102,114,84,564
74,95,87,82,85,577
83,86,78,110,101,542
79,115,66,94,90,556
71,88,89,81,101,570
94,119,80,67,83,557
87,86,79,107,72,569
86,75,87,77,78,597
88,70,78,75,84,605
121,65,77,94,93,550
79,145,71,118,83,504
98,79,96,92,65,570
85,103,68,81,97,566
75,79,116,67,85,578
97,77,83,81,72,590
74,78,91,140,91,526
70,78,66,93,115,578
76,125,66,92,86,555
65,78,68,80,115,594
85,88,62,89,81,595
111,74,82,83,86,564
74,87,82,65,104,588
84,103,71,82,88,572
61,83,128,89,59,580
110,84,97,79,99,531
85,70,73,116,90,566
83,100,90,85,74,568
77,78,85,100,99,561
64,67,117,70,93,589
97,81,77,91,85,569
77,98,72,110,70,573
69,87,69,66,114,595
115,81,70,64,101,569
103,74,110,55,82,576
90,61,80,133,94,542
71,110,95,90,92,542
72,88,75,67,79,619
104,76,78,109,81,552
96,146,74,70,84,530
78,92,80,97,86,567
69,106,73,82,97,573
80,79,76,106,81,578
87,112,70,92,60,579
81,81,92,78,83,585
74,66,80,73,132,575
79,105,79,69,95,573
67,68,101,88,89,587
87,132,85,88,98,510
102,94,75,75,80,574
79,86,73,112,84,566
101,64,88,91,85,571
87,100,70,85,102,556
81,73,103,80,71,592
87,86,92,73,103,559
74,75,77,61,84,629
103,87,69,88,81,572
93,125,65,74,66,577
90,87,95,68,89,571
77,92,78,129,104,520
