Groups 1,Groups 2,Groups 3,Groups 4,Groups 5,free agent
100,100,100,100,100,500
80,131,74,81,81,553
88,99,76,79,90,568
71,88,96,78,73,594
69,72,88,111,98,562
73,89,97,83,90,568
92,79,85,97,90,557
104,84,114,72,70,556
67,77,86,59,74,637
104,67,80,118,106,525
84,101,80,84,83,568
73,92,72,71,69,623
68,91,86,105,76,574
107,87,76,93,89,548
73,98,69,111,89,560
69,116,149,84,75,507
108,111,100,73,58,550
94,93,73,56,106,578
96,87,94,132,78,513
95,67,93,90,83,572
81,71,67,83,77,621
97,149,73,75,93,513
75,95,83,81,80,586
128,79,67,101,102,523
72,70,121,80,88,569
65,94,92,108,72,569
88,94,96,68,85,569
98,81,100,80,67,574
90,77,101,78,97,557
90,80,75,66,86,603
77,70,98,100,82,573
78,65,79,89,72,617
87,177,67,82,61,526
76,97,80,132,86,529
85,74,111,92,68,570
77,90,80,91,87,575
94,69,80,93,95,569
69,106,67,81,88,589
150,72,86,56,92,544
108,75,74,121,111,511
79,110,75,73,81,582
67,90,101,83,77,582
93,86,78,77,101,565
81,105,93,70,89,562
58,88,83,131,75,565
112,73,76,92,73,574
100,109,60,79,73,579
94,96,109,78,59,564
76,91,75,71,83,604
91,104,74,99,86,546
78,84,81,60,128,569
75,103,74,88,89,571
101,103,95,68,75,558
83,79,74,71,108,585
84,86,89,97,78,566
78,66,70,94,60,632
95,66,97,100,77,565
88,94,97,82,69,570
78,69,100,86,89,578
62,69,109,72,85,603
144,83,78,100,88,507
98,107,69,64,82,580
79,83,88,90,82,578
63,83,72,137,79,566
55,84,112,84,86,579
86,77,75,89,83,590
77,75,66,80,123,579
58,115,65,98,85,579
78,83,164,83,76,516
93,93,94,79,65,576
82,80,87,69,117,565
78,77,78,111,82,574
86,81,69,90,93,581
78,82,106,85,110,539
97,74,84,102,68,575
89,71,71,79,77,613
69,127,65,86,85,568
82,88,66,94,99,571
102,84,159,74,73,508
84,75,89,73,144,535
77,100,69,101,91,562
95,83,92,86,82,562
82,108,100,80,61,569
100,77,70,81,107,565
82,120,65,75,92,566
95,109,75,91,70,560
69,81,71,84,99,596
66,74,176,84,82,518
88,92,116,81,74,549
86,84,97,87,80,566
65,91,73,75,102,594
69,70,123,69,83,586
129,70,101,61,73,566
75,102,89,99,73,562
67,77,66,112,118,560
85,88,83,85,93,566
69,64,81,74,83,629
102,63,109,78,83,565
84,68,90,90,96,572
96,81,87,80,86,570
81,64,81,112,79,583
91,82,80,103,90,554
80,69,71,81,74,625
147,94,79,84,80,516
103,96,71,70,87,573
74,97,101,71,79,578
70,73,99,97,100,561
76,170,92,91,81,490
66,87,85,73,103,586
151,64,78,92,85,530
93,86,95,77,66,583
93,81,63,107,133,523
81,90,84,72,91,582
84,97,71,90,84,574
78,74,102,76,111,559
90,92,100,79,75,564
77,124,85,73,72,569
69,89,117,98,65,562
93,103,79,90,81,554
77,68,96,100,70,589
93,88,89,87,79,564
73,68,80,80,67,632
81,73,93,110,82,561
58,80,82,78,98,604
92,93,81,68,102,564
81,71,95,83,85,585
65,79,65,71,136,584
71,76,93,78,110,572
80,75,88,139,76,542
66,96,70,83,109,576
159,80,76,70,96,519
97,93,89,93,84,544
86,83,79,74,135,543
72,72,72,135,92,557
126,84,82,100,80,528
84,90,91,90,88,557
113,70,92,72,105,548
84,95,81,90,91,559
80,77,76,74,86,607
80,76,96,82,87,579
90,91,81,81,89,568
82,67,118,69,78,586
83,70,92,89,98,568
70,63,126,85,81,575
106,92,74,69,84,575
91,75,99,135,61,539
90,94,91,84,79,562
121,84,78,66,78,573
82,77,91,83,95,572
67,132,64,88,75,574
114,96,72,73,61,584
81,76,92,71,89,591
62,122,89,65,81,581
96,84,69,94,84,573
77,68,75,113,88,579
91,84,68,83,97,577
102,70,97,74,89,568
90,101,71,81,79,578
113,76,88,97,70,556
81,83,86,85,92,573
70,75,78,68,94,615
89,90,86,70,89,576
88,99,93,74,93,553
125,71,74,78,84,568
79,95,71,69,102,584
67,85,97,104,97,550
88,87,86,75,82,582
101,79,91,70,71,588
68,92,82,72,108,578
94,89,97,73,95,552
74,126,82,79,75,564
100,105,67,87,72,569
72,90,111,78,75,574
62,78,85,68,116,591
65,70,129,60,98,578
78,94,93,86,80,569
115,78,79,68,70,590
94,71,124,78,82,551
81,69,91,163,73,523
76,63,129,92,56,584
109,75,77,101,118,520
85,77,119,84,79,556
97,77,73,75,93,585
81,64,78,119,87,571
65,77,120,90,76,572
95,75,95,76,107,552
76,87,74,126,76,561
85,75,88,94,135,523
93,85,85,82,93,562
80,64,134,88,78,556
79,87,87,109,72,566
103,75,86,89,81,566
112,91,96,72,84,545
79,82,84,80,118,557
100,70,95,92,80,563
77,69,91,82,70,611
77,100,110,68,78,567
105,92,92,129,67,515
71,65,89,86,106,583
68,78,120,69,78,587
69,110,84,73,73,591
101,96,85,84,94,540
80,83,74,77,85,601
95,102,85,68,96,554
83,87,101,149,77,503
67,122,88,105,63,555
97,97,57,82,80,587
87,81,92,116,77,547
67,99,81,96,100,557
114,63,56,70,96,601
89,67,92,102,84,566
77,87,114,78,92,552
80,90,98,136,104,492
68,73,70,82,78,629
94,101,80,82,74,569
94,95,89,91,75,556
63,75,122,85,73,582
80,159,93,99,73,496
76,105,96,70,90,563
77,87,78,63,128,567
91,79,86,83,76,585
79,74,98,96,84,569
76,92,83,104,74,571
74,96,71,144,66,549
87,101,92,96,69,555
68,95,68,97,65,607
102,85,92,85,72,564
117,91,77,92,72,551
83,90,70,78,106,573
74,86,92,96,77,575
75,74,85,78,75,613
97,74,74,78,90,587
89,61,66,79,76,629
83,62,96,77,97,585
56,75,85,68,79,637
89,95,75,76,91,574
84,72,93,103,89,559
80,149,71,93,67,540
76,104,106,78,58,578
72,81,80,85,156,526
89,76,96,68,103,568
76,85,92,80,107,560
89,94,74,103,80,560
71,77,67,87,76,622
146,109,68,83,71,523
89,90,121,83,86,531
121,64,83,85,90,557
74,75,87,86,85,593
64,124,84,82,76,570
64,90,74,113,78,581
63,85,69,94,70,619
206,72,92,83,73,474
114,114,88,75,68,541
73,83,103,76,141,524
71,78,70,60,91,630
90,82,102,72,81,573
111,94,94,69,87,545
73,85,99,91,90,562
76,81,85,81,73,604
76,105,72,83,91,573
73,92,94,75,97,569
118,87,87,68,91,549
109,85,63,68,75,600
83,75,102,90,76,574
83,87,90,78,145,517
123,77,78,79,108,535
87,120,74,76,79,564
87,91,105,101,65,551
104,76,77,102,82,559
93,71,65,80,121,570
72,105,102,84,97,540
50,87,81,80,132,570
119,74,62,68,93,584
92,79,88,93,96,552
80,71,78,80,87,604
102,78,104,76,79,561
142,63,91,67,80,557
88,68,76,76,76,616
71,74,111,92,60,592
97,105,85,82,68,563
82,81,103,72,92,570
70,114,80,61,80,595
109,97,105,72,67,550
94,85,81,105,77,558
69,102,104,91,88,546
70,77,82,70,76,625
87,88,87,94,75,569
89,93,86,84,96,552
110,74,102,63,68,583
80,83,86,90,77,584
75,70,83,76,65,631
113,74,84,90,93,546
91,74,93,65,74,603
90,88,81,92,86,563
80,83,97,80,106,554
72,123,85,78,82,560
86,81,91,84,79,579
92,76,91,71,95,575
74,77,66,123,90,570
72,73,167,83,77,528
88,82,96,77,74,583
65,127,76,69,62,601
75,79,100,75,142,529
73,68,107,95,106,551
115,66,70,93,81,575
92,84,101,73,75,575
113,99,72,98,74,544
81,82,182,79,60,516
138,73,112,95,76,506
103,63,74,86,156,518
74,86,149,80,94,517
92,69,84,107,86,562
71,60,76,82,132,579
86,74,83,75,90,592
82,93,100,62,91,572
95,101,102,66,86,550
76,65,99,98,77,585
67,71,105,81,91,585
88,87,83,95,73,574
63,77,74,77,115,594
64,79,68,71,95,623
110,76,81,83,82,568
90,76,88,174,69,503
77,85,80,93,92,573
82,85,83,99,84,567
67,75,72,68,128,590
91,99,72,132,99,507
79,64,103,91,84,579
100,97,92,88,75,548
70,74,89,111,88,568
75,90,80,79,83,593
77,86,97,73,98,569
108,101,98,89,72,532
84,81,64,66,128,577
85,69,132,90,100,524
78,127,81,82,71,561
105,82,92,85,70,566
89,75,131,69,64,572
68,90,111,69,127,535
92,82,85,78,94,569
90,56,69,115,97,573
66,116,70,93,82,573
115,93,57,67,72,596
86,85,61,91,95,582
66,84,74,55,88,633
82,81,90,82,72,593
106,74,101,61,97,561
85,87,74,152,77,525
95,76,75,104,79,571
75,65,94,92,88,586
107,66,89,85,74,579
73,104,83,84,76,580
90,92,72,67,96,583
90,81,91,88,88,562
90,94,70,78,105,563
87,106,89,85,76,557
110,108,68,77,84,553
90,90,60,74,117,569
96,77,80,77,82,588
83,78,71,63,115,590
89,85,101,51,78,596
96,84,87,112,92,529
68,62,124,82,84,580
87,76,83,81,109,564
67,92,63,63,75,640
74,80,78,75,103,590
71,94,105,74,87,569
73,127,81,80,67,572
68,89,83,76,100,584
51,65,97,99,62,626
73,83,96,87,96,565
109,84,71,81,82,573
93,70,79,105,70,583
96,80,90,78,79,577
102,64,86,75,99,574
85,83,90,100,101,541
83,69,83,65,88,612
108,80,85,64,86,577
76,66,81,84,101,592
97,65,107,67,82,582
109,61,80,142,74,534
92,148,78,91,54,537
76,84,114,81,61,584
80,61,100,73,53,633
90,136,92,80,83,519
70,94,98,80,77,581
153,104,87,59,72,525
111,93,76,87,96,537
76,87,91,101,76,569
123,78,85,71,62,581
95,93,76,62,90,584
90,93,108,67,80,562
70,63,92,75,119,581
89,79,104,78,80,570
123,66,83,67,93,568
103,66,105,102,84,540
88,61,74,85,92,600
113,70,68,73,96,580
83,76,167,80,84,510
80,79,100,137,89,515
76,88,88,87,100,561
58,102,106,78,78,578
82,103,80,110,76,549
86,83,72,80,123,556
82,69,118,84,90,557
135,89,85,75,83,533
82,115,80,78,75,570
99,72,98,67,82,582
104,100,73,82,86,555
74,70,72,73,77,634
79,73,92,70,99,587
124,73,87,78,89,549
92,140,79,72,106,511
66,94,79,101,87,573
94,83,67,83,93,580
102,92,92,80,65,569
96,72,66,81,99,586
79,95,56,89,79,602
70,93,98,77,89,573
103,80,73,88,78,578
72,69,91,113,74,581
155,67,90,85,94,509
110,96,76,82,88,548
92,81,72,100,88,567
85,73,114,81,84,563
112,64,88,84,78,574
97,103,85,63,81,571
86,71,79,69,112,583
80,90,74,145,87,524
95,104,58,110,85,548
82,76,106,98,74,564
103,100,90,71,80,556
105,97,75,89,71,563
72,81,77,93,126,551
77,67,107,76,85,588
93,101,79,74,68,585
74,82,121,74,79,570
89,97,96,68,98,552
81,78,95,131,88,527
68,76,88,87,92,589
70,119,75,78,73,585
87,73,94,84,84,578
73,73,82,76,118,578
75,138,95,70,107,515
61,99,112,136,78,514
73,83,75,84,95,590
97,78,72,79,103,571
87,93,70,91,82,577
73,84,104,86,93,560
72,96,92,82,93,565
63,96,56,118,82,585
83,83,80,83,87,584
84,73,71,71,62,639
86,86,84,101,59,584
80,72,91,63,171,523
89,86,73,134,103,515
102,76,131,80,92,519
74,105,87,74,80,580
63,72,81,78,66,640
58,73,81,82,84,622
78,100,77,89,94,562
98,69,95,76,95,567
86,69,127,59,81,578
81,82,93,70,90,584
100,86,83,138,96,497
75,71,74,84,86,610
70,79,97,83,113,558
97,66,89,65,92,591
96,86,71,79,87,581
75,88,73,126,78,560
81,86,83,90,82,578
81,81,93,69,102,574
88,105,73,97,74,563
79,101,98,74,79,569
102,102,82,61,72,581
90,81,108,67,82,572
151,70,80,50,74,575
92,99,94,126,75,514
76,124,86,86,72,556
114,86,81,98,69,552
90,65,113,84,66,582
102,85,80,85,138,510
85,83,88,65,85,594
76,71,113,87,67,586
73,89,88,113,62,575
93,76,82,77,97,575
75,104,82,99,74,566
62,93,96,79,102,568
60,78,84,107,98,573
152,61,76,99,92,520
99,69,91,110,67,564
75,73,108,101,80,563
76,92,83,86,96,567
81,87,74,95,74,589
93,107,99,75,62,564
118,80,67,99,65,571
79,86,87,84,83,581
122,78,80,69,71,580
96,63,69,59,67,646
74,81,78,83,94,590
142,112,73,87,76,510
90,72,114,77,69,578
76,102,93,73,73,583
76,96,84,107,76,561
109,85,72,99,72,563
76,84,90,74,96,580
94,93,83,87,75,568
107,94,68,71,97,563
87,84,71,107,75,576
83,82,124,65,84,562
81,79,84,84,87,585
99,75,72,81,113,560
76,69,101,85,82,587
62,110,80,105,79,564
69,95,74,79,127,556
62,87,107,62,92,590
59,79,97,109,89,567
90,95,67,90,86,572
89,90,160,73,69,519
77,89,96,56,105,577
94,73,93,152,80,508
81,78,60,86,82,613
77,79,86,84,98,576
95,85,88,78,86,568
81,110,89,72,119,529
68,85,65,109,94,579
60,138,63,92,76,571
74,103,90,93,78,562
65,118,113,81,69,554
95,79,87,125,82,532
80,63,112,85,77,583
74,125,94,79,127,501
83,94,78,92,86,567
84,68,127,73,87,561
87,117,98,108,67,523
97,98,87,72,72,574
88,80,78,61,129,564
79,79,83,187,78,494
90,68,90,102,65,585
88,58,67,88,106,593
113,136,86,85,73,507
88,98,99,91,71,553
84,87,65,76,62,626
80,90,93,92,139,506
89,101,81,80,88,561
94,67,146,103,84,506
62,110,104,86,79,559
126,89,79,74,102,530
80,69,69,106,94,582
71,140,95,89,74,531
103,94,85,75,60,583
79,87,77,100,100,557
89,99,93,84,78,557
124,79,71,72,68,586
87,74,94,74,81,590
81,67,92,77,98,585
78,69,70,81,82,620
99,91,88,88,82,552
79,84,73,86,119,559
101,61,67,100,84,587
82,131,72,82,99,534
80,93,86,73,104,564
88,99,74,82,92,565
74,92,73,128,86,547
62,90,92,111,83,562
84,90,88,88,73,577
74,68,86,77,127,568
74,68,79,122,95,562
111,84,67,85,82,571
73,71,130,82,106,538
68,115,89,70,83,575
79,99,74,93,96,559
87,71,92,100,83,567
105,62,99,79,81,574
80,93,90,93,90,554
66,86,77,86,110,575
89,59,92,110,92,558
73,98,88,77,83,581
86,100,74,90,78,572
105,91,98,64,71,571
84,76,108,69,91,572
77,89,76,80,99,579
94,69,90,71,89,587
84,96,83,95,70,572
74,77,68,99,66,616
92,77,93,81,96,561
79,70,89,122,76,564
102,63,77,99,108,551
90,84,91,81,79,575
82,124,80,71,72,571
96,87,101,65,89,562
88,73,122,68,78,571
81,97,80,90,75,577
82,81,71,78,125,563
81,80,117,72,96,554
79,123,78,65,66,589
104,84,91,78,142,501
78,70,74,96,93,589
71,83,83,95,63,605
60,75,125,88,66,586
94,115,90,65,69,567
92,83,82,85,85,573
89,117,60,68,79,587
105,82,75,79,75,584
88,77,97,78,92,568
78,68,84,69,63,638
79,88,102,101,63,567
99,82,80,85,86,568
97,81,109,66,60,587
64,73,75,115,81,592
81,68,85,102,96,568
100,124,67,92,82,535
87,83,55,117,82,576
78,77,70,90,116,569
88,100,73,93,83,563
75,97,104,72,82,570
70,84,92,107,70,577
73,77,67,86,125,572
87,89,85,74,97,568
76,80,78,78,85,603
180,88,72,80,74,506
125,89,71,78,63,574
75,103,90,88,78,566
95,86,90,76,84,569
90,78,78,69,122,563
61,77,111,97,66,588
142,90,86,80,68,534
98,84,93,89,77,559
78,75,130,68,68,581
88,80,86,88,81,577
85,91,91,78,92,563
79,82,102,102,80,555
71,124,68,97,85,555
89,84,70,62,103,592
70,73,77,123,79,578
91,97,59,89,89,575
115,93,53,77,99,563
87,99,126,72,94,522
66,73,80,72,77,632
64,79,70,152,103,532
87,72,141,86,86,528
80,91,91,74,93,571
57,72,82,117,87,585
72,129,69,89,61,580
73,91,146,77,78,535
61,85,86,75,114,579
72,89,78,92,89,580
100,82,101,86,77,554
82,68,76,74,153,547
93,69,83,87,103,565
90,70,74,68,90,608
87,148,95,96,75,499
77,99,68,80,61,615
90,77,82,83,85,583
81,92,109,84,69,565
95,75,84,89,90,567
75,98,72,82,110,563
114,82,97,75,72,560
82,97,87,101,82,551
75,82,91,97,95,560
73,123,92,64,83,565
64,85,88,92,91,580
76,95,83,99,77,570
114,72,81,83,71,579
94,89,67,91,94,565
86,78,92,84,98,562
81,74,73,65,63,644
88,81,81,90,76,584
86,73,74,66,65,636
90,70,88,90,90,572
81,94,81,96,105,543
78,82,67,120,75,578
74,78,124,81,68,575
58,110,91,93,73,575
167,86,75,71,67,534
99,104,78,80,125,514
68,89,85,153,80,525
75,105,77,93,79,571
76,93,72,103,90,566
73,85,68,81,80,613
65,72,123,74,74,592
136,88,81,92,71,532
94,77,85,90,85,569
84,72,80,87,130,547
84,74,82,124,88,548
71,67,86,88,125,563
90,128,66,79,90,547
77,90,99,98,62,574
64,84,83,84,109,576
63,58,123,78,89,589
62,148,83,74,93,540
152,83,75,69,93,528
85,89,89,75,77,585
96,85,82,103,68,566
98,92,85,84,77,564
75,79,82,90,64,610
71,76,98,82,104,569
84,73,78,108,78,579
78,70,130,97,62,563
103,79,108,81,75,554
75,74,93,110,71,577
129,81,82,71,60,577
79,93,81,63,98,586
96,69,65,91,93,586
75,93,73,121,79,559
87,78,84,91,95,565
82,130,73,71,81,563
76,96,94,80,105,549
63,80,77,126,87,567
127,89,88,86,78,532
87,79,121,70,57,586
81,84,98,131,55,551
77,70,78,108,56,611
153,87,76,85,106,493
100,62,73,117,68,580
67,83,84,101,93,572
55,82,107,95,83,578
158,70,102,84,75,511
92,70,96,85,81,576
83,63,77,89,106,582
104,138,70,85,84,519
82,98,85,85,85,565
61,90,86,81,57,625
97,86,86,76,147,508
78,56,77,114,103,572
96,83,100,95,76,550
80,72,77,85,73,613
84,81,71,82,99,583
73,99,89,70,112,557
92,87,74,102,72,573
71,92,105,89,73,570
163,81,83,83,80,510
113,85,77,87,127,511
76,77,63,99,102,583
76,122,62,107,63,570
67,96,138,91,91,517
99,77,90,86,81,567
62,85,81,65,120,587
63,76,72,114,103,572
96,56,96,85,83,584
70,85,77,72,105,591
75,74,62,122,98,569
67,68,60,102,84,619
77,77,88,78,106,574
63,117,76,68,99,577
196,82,70,95,62,495
103,110,104,78,69,536
78,85,76,96,86,579
127,73,72,82,80,566
107,64,88,78,102,561
85,70,122,66,68,589
85,88,76,75,88,588
76,83,83,123,89,546
72,95,91,105,96,541
109,82,92,89,87,541
92,107,81,71,75,574
83,77,76,110,69,585
69,96,76,75,96,588
71,81,80,71,95,602
80,79,87,133,90,531
143,96,87,96,67,511
106,74,74,77,157,512
95,77,86,83,100,559
83,75,87,76,84,595
75,75,79,93,101,577
106,74,86,74,78,582
102,86,65,105,92,550
68,109,99,95,69,560
72,82,80,77,109,580
75,95,77,98,87,568
96,79,89,92,75,569
79,70,77,86,172,516
98,69,75,89,107,562
77,120,72,77,86,568
59,90,63,81,83,624
95,91,56,100,69,589
88,114,86,82,70,560
104,87,84,79,127,519
79,78,59,80,78,626
85,99,84,76,78,578
87,86,103,94,80,550
77,75,80,80,110,578
82,66,76,124,89,563
72,62,69,83,79,635
82,78,94,90,97,559
82,88,74,109,83,564
76,125,64,70,72,593
105,87,80,88,59,581
102,83,77,93,82,563
90,81,82,112,76,559
68,77,124,79,71,581
105,78,76,86,96,559
64,57,129,78,81,591
66,86,84,94,82,588
86,67,62,83,98,604
122,75,68,65,81,589
82,75,68,113,86,576
74,80,84,84,101,577
75,109,95,79,70,572
95,76,94,74,83,578
79,80,88,99,96,558
86,82,84,87,106,555
99,81,73,109,88,550
68,65,106,92,74,595
87,91,84,86,84,568
82,79,72,78,77,612
69,80,92,69,97,593
103,156,64,68,75,534
75,86,120,71,76,572
75,82,96,73,66,608
99,74,86,72,98,571
88,80,80,123,73,556
82,77,96,85,94,566
73,119,86,72,75,575
107,87,87,132,62,525
77,79,92,76,89,587
83,107,84,75,87,564
74,86,82,82,83,593
96,104,78,74,70,578
77,77,71,133,67,575
77,93,83,95,129,523
69,84,73,84,85,605
124,107,96,82,76,515
103,78,82,85,74,578
84,106,69,73,96,572
74,95,144,100,93,494
119,103,75,82,89,532
92,84,96,92,79,557
97,64,91,73,86,589
70,74,125,80,72,579
66,92,97,103,71,571
107,87,87,94,58,567
103,109,83,88,62,555
89,77,86,82,100,566
106,65,84,69,95,581
81,163,77,85,83,511
95,82,77,68,99,579
79,80,101,81,63,596
102,71,88,173,69,497
78,136,79,96,81,530
66,86,93,76,109,570
70,80,76,109,87,578
66,70,105,80,99,580
92,72,90,92,83,571
100,76,73,105,75,571
93,89,86,94,75,563
83,81,73,70,121,572
88,103,78,106,82,543
78,76,86,83,132,545
74,72,62,115,96,581
108,76,83,90,81,562
94,78,88,76,148,516
69,77,85,95,90,584
85,76,99,87,98,555
75,106,85,79,82,573
97,101,69,78,82,573
81,85,75,66,60,633
78,99,67,88,138,530
72,75,150,73,94,536
161,79,91,78,68,523
93,107,103,67,73,557
72,92,82,140,106,508
64,98,97,91,77,573
144,96,97,78,68,517
98,76,83,86,128,529
88,76,83,107,84,562
102,88,68,100,72,570
77,109,98,89,74,553
67,84,91,118,81,559
68,69,83,87,79,614
78,96,102,73,70,581
92,69,82,100,82,575
78,70,120,82,75,575
116,76,80,73,81,574
76,73,76,93,101,581
92,77,101,81,93,556
86,114,96,60,86,558
79,73,111,84,76,577
148,80,83,83,109,497
101,74,92,94,87,552
80,91,101,87,68,573
107,81,84,83,73,572
71,68,74,116,86,585
70,113,76,106,66,569
68,79,81,86,98,588
77,68,96,91,81,587
69,60,91,128,87,565
108,64,92,89,82,565
83,93,88,81,99,556
79,79,77,122,80,563
74,70,129,83,81,563
78,97,84,80,94,567
140,82,80,72,81,545
98,157,92,84,60,509
79,94,80,79,159,509
65,107,58,94,99,577
61,78,71,72,104,614
155,77,66,71,95,536
88,72,119,105,78,538
85,56,84,71,78,626
84,178,87,72,85,494
69,88,72,72,75,624
63,81,104,107,74,571
70,73,77,92,77,611
64,81,89,84,95,587
91,74,80,114,93,548
72,81,152,108,72,515
91,82,93,77,89,568
87,76,115,80,75,567
82,102,85,95,73,563
100,89,84,70,103,554
81,116,72,93,68,570
95,79,82,74,138,532
118,75,101,74,88,544
83,54,75,76,129,583
105,64,107,73,79,572
91,66,80,117,71,575
103,76,68,104,90,559
72,85,84,113,83,563
106,73,65,104,67,585
89,101,80,65,144,521
75,82,61,117,104,561
80,98,99,80,71,572
87,92,81,97,78,565
81,86,102,83,69,579
95,92,85,84,88,556
74,121,77,69,70,589
82,78,97,80,104,559
65,70,132,72,97,564
79,84,80,85,101,571
67,99,95,89,99,551
64,82,91,85,89,589
64,65,81,88,72,630
72,71,65,77,116,599
77,87,86,77,94,579
85,93,82,139,98,503
72,87,118,99,77,547
94,92,98,82,72,562
78,82,83,80,127,550
69,73,82,73,83,620
103,95,79,76,77,570
75,79,74,120,70,582
88,94,76,83,79,580
69,90,104,79,89,569
91,115,86,85,84,539
106,109,68,91,75,551
76,93,85,75,87,584
85,98,73,72,98,574
72,86,76,76,68,622
74,100,96,107,68,555
82,84,71,84,116,563
93,76,56,117,74,584
132,72,77,79,82,558
84,73,92,83,142,526
76,67,82,77,79,619
93,83,85,93,68,578
112,62,78,88,101,559
91,98,73,85,90,563
84,71,152,82,70,541
91,68,100,81,146,514
67,117,98,68,89,561
87,68,81,126,91,547
73,62,63,97,78,627
89,104,61,94,94,558
61,88,71,86,120,574
78,89,111,75,86,561
78,91,78,100,72,581
67,83,84,91,63,612
88,89,66,97,100,560
64,75,110,85,82,584
88,71,98,102,62,579
77,66,89,111,98,559
71,99,77,74,83,596
119,81,82,83,73,562
89,71,76,81,91,592
81,142,91,78,98,510
80,85,80,73,84,598
69,78,80,97,107,569
111,79,66,79,85,580
97,115,75,68,79,566
97,78,68,88,154,515
81,71,64,127,91,566
86,159,84,97,61,513
110,90,67,86,81,566
75,77,64,71,81,632
66,78,105,92,100,559
118,80,81,73,84,564
87,90,108,67,78,570
62,138,68,72,84,576
143,79,60,91,78,549
100,92,119,84,93,512
68,90,80,74,101,587
65,74,78,108,87,588
85,76,94,99,84,562
83,86,104,76,72,579
63,63,76,133,77,588
57,88,84,85,110,576
84,81,75,61,89,610
69,103,74,83,91,580
85,75,98,97,80,565
