Groups 1,Groups 2,Groups 3,Groups 4,Groups 5,free agent
100,100,100,100,100,500
81,76,81,86,81,595
67,80,64,104,92,593
77,100,87,79,97,560
71,70,81,85,107,586
67,75,125,72,97,564
82,98,93,82,82,563
77,78,86,76,114,569
73,60,86,118,88,575
64,75,80,104,72,605
83,74,74,98,109,562
75,71,103,111,74,566
95,71,76,87,104,567
90,105,97,77,90,541
85,71,79,82,180,503
77,120,66,71,115,551
93,92,83,88,81,563
84,84,116,76,86,554
66,80,76,132,84,562
89,79,94,89,90,559
77,107,86,84,81,565
64,101,83,76,75,601
86,95,69,85,96,569
99,84,121,57,69,570
89,59,96,97,89,570
82,100,72,88,86,572
83,71,106,92,90,558
75,66,80,72,78,629
76,93,86,110,76,559
66,63,74,118,57,622
77,82,75,93,94,579
65,118,77,75,87,578
98,82,88,79,79,574
92,121,68,70,69,580
79,99,144,76,96,506
130,60,93,70,82,565
84,89,81,90,104,552
97,86,66,103,79,569
76,74,90,94,99,567
75,89,82,78,114,562
73,117,81,88,80,561
73,80,75,82,68,622
76,109,102,78,65,570
66,87,82,93,89,583
83,109,87,74,90,557
125,86,78,77,75,559
101,79,71,67,125,557
98,92,90,73,87,560
76,78,70,102,98,576
72,105,89,70,99,565
106,84,72,74,89,575
75,70,153,90,81,531
87,92,91,82,78,570
79,82,125,69,79,566
97,79,78,95,74,577
84,108,73,93,75,567
76,82,59,74,116,593
83,138,69,103,77,530
98,96,128,79,55,544
81,85,89,94,75,576
75,104,65,75,90,591
85,97,82,90,64,582
67,81,82,88,124,558
63,62,62,78,103,632
102,64,77,118,80,559
99,65,84,77,87,588
84,67,118,73,90,568
75,68,89,117,82,569
79,74,115,81,65,586
69,120,107,98,108,498
74,113,73,76,72,592
97,93,89,89,69,563
77,62,84,83,165,529
129,67,107,79,101,517
75,98,95,74,96,562
123,81,85,81,70,560
95,103,109,85,66,542
65,81,69,76,105,604
97,95,98,70,81,559
117,78,88,72,77,568
86,105,145,71,74,519
67,79,105,77,105,567
90,101,78,92,74,565
91,93,99,86,93,538
86,68,73,71,88,614
100,80,90,77,88,565
76,76,72,80,77,619
100,103,80,85,78,554
74,87,80,115,73,571
65,73,112,91,100,559
167,69,82,75,84,523
98,66,104,88,90,554
74,112,87,81,75,571
67,83,98,79,100,573
78,90,76,99,84,573
67,80,146,88,118,501
96,74,96,96,86,552
94,84,83,85,84,570
73,78,108,81,77,583
73,93,68,111,81,574
78,90,128,77,65,562
68,122,88,72,78,572
64,99,80,113,66,578
139,90,104,87,64,516
98,94,65,62,110,571
91,79,84,81,99,566
98,70,76,102,91,563
80,89,85,81,72,593
77,86,104,77,63,593
84,107,76,85,79,569
63,107,66,89,120,555
74,84,83,90,75,594
90,78,86,89,79,578
110,106,86,74,72,552
86,93,72,63,69,617
82,86,91,141,84,516
70,106,79,89,100,556
79,90,68,86,66,611
96,115,62,74,84,569
101,90,95,97,74,543
89,113,75,90,68,565
101,71,68,85,86,589
79,80,114,69,89,569
66,80,105,104,67,578
75,100,68,87,84,586
92,85,65,98,109,551
71,76,113,75,81,584
98,85,88,91,76,562
74,108,63,89,93,573
71,97,109,72,73,578
79,86,77,98,93,567
87,91,76,90,82,574
78,85,71,71,121,574
63,85,71,66,94,621
72,113,62,66,85,602
77,80,89,92,74,588
95,75,76,91,99,564
81,70,93,111,84,561
100,82,64,89,91,574
81,101,97,73,76,572
72,77,85,76,124,566
144,81,83,85,88,519
99,98,80,78,96,549
93,68,97,98,91,553
81,100,95,78,88,558
78,91,104,71,68,588
77,84,76,83,89,591
78,99,73,72,96,582
80,84,49,87,87,613
75,82,118,78,76,571
106,71,86,85,78,574
78,71,108,115,80,548
76,109,92,72,68,583
67,95,85,69,102,582
59,79,79,64,89,630
67,91,78,159,88,517
83,74,84,100,95,564
78,85,73,66,65,633
89,88,98,65,94,566
67,97,114,77,80,565
73,82,78,84,98,585
114,66,98,75,72,575
105,82,63,97,68,585
95,77,88,87,96,557
87,93,77,103,77,563
77,105,77,101,87,553
68,86,93,77,100,576
67,71,112,62,102,586
135,68,94,100,104,499
70,56,81,90,78,625
82,76,84,99,80,579
63,130,77,87,79,564
87,89,91,73,77,583
79,87,102,65,59,608
84,85,82,152,87,510
78,87,90,81,91,573
90,77,81,98,90,564
84,123,82,73,79,559
72,86,73,84,115,570
91,80,91,68,91,579
91,98,84,92,81,554
74,89,68,86,79,604
95,77,87,84,105,552
76,132,101,85,89,517
79,92,81,80,75,593
106,80,81,101,67,565
72,77,108,79,89,575
61,69,96,127,91,556
61,112,102,83,76,566
111,83,80,68,98,560
117,113,83,111,65,511
92,68,69,79,112,580
66,89,97,75,94,579
115,64,74,73,86,588
74,73,91,69,122,571
81,163,67,76,80,533
67,90,78,114,79,572
95,83,63,95,94,570
92,87,93,74,97,557
96,81,83,98,72,570
87,86,97,100,72,558
95,111,85,93,52,564
68,80,73,85,47,647
88,79,91,85,80,577
91,79,107,70,74,579
84,82,96,89,94,555
73,72,77,82,80,616
101,69,73,79,96,582
83,114,68,69,76,590
114,96,88,57,96,549
73,78,67,80,129,573
66,110,127,87,95,515
66,87,91,123,80,553
157,73,69,100,71,530
105,103,59,85,64,584
94,84,102,69,69,582
76,70,94,149,78,533
94,67,74,100,83,582
74,73,112,79,72,590
86,101,100,72,69,572
89,85,88,95,93,550
93,109,76,84,74,564
74,79,77,113,100,557
128,93,83,83,84,529
77,82,66,74,114,587
78,101,70,103,100,548
82,85,63,75,93,602
72,80,102,82,80,584
85,77,84,100,76,578
76,112,78,89,82,563
60,84,61,134,80,581
174,104,58,88,67,509
103,78,94,67,79,579
84,81,80,86,66,603
122,80,83,57,83,575
95,150,76,89,82,508
76,84,78,94,83,585
65,135,75,93,76,556
78,96,128,91,92,515
116,97,79,81,75,552
88,71,91,97,81,572
66,123,78,83,73,577
97,89,80,76,89,569
81,86,97,74,118,544
80,97,75,86,90,572
76,81,62,115,79,587
99,74,98,83,65,581
90,105,82,99,81,543
69,86,74,86,84,601
67,78,88,86,97,584
79,77,78,82,92,592
71,77,64,87,85,616
149,94,72,82,77,526
83,80,113,65,73,586
79,91,93,69,105,563
77,67,75,128,99,554
79,94,81,86,87,573
69,69,80,123,71,588
64,96,68,93,171,508
66,90,137,69,95,543
87,68,82,62,118,583
89,154,74,87,91,505
81,90,107,65,81,576
68,89,97,84,101,561
114,52,97,67,92,578
90,172,76,71,77,514
77,105,105,68,73,572
75,86,72,123,71,573
74,77,87,93,86,583
110,68,69,79,97,577
88,76,62,124,77,573
84,90,89,81,82,574
66,82,82,72,74,624
86,89,88,91,88,558
90,70,76,95,67,602
75,71,54,87,74,639
92,83,133,100,85,507
81,75,89,104,91,560
92,72,115,92,64,565
78,74,93,80,69,606
75,105,91,95,81,553
67,109,78,92,95,559
102,87,70,72,85,584
79,75,123,57,67,599
89,89,81,89,63,589
85,78,79,79,104,575
111,72,64,68,94,591
82,65,84,104,90,575
69,110,80,80,75,586
58,93,103,104,77,565
103,72,80,87,77,581
93,73,92,79,90,573
82,74,69,121,74,580
121,69,74,92,76,568
82,126,83,79,73,557
78,77,100,97,89,559
67,66,96,75,82,614
90,96,88,75,70,581
97,91,97,79,80,556
76,106,82,91,87,558
63,121,72,73,102,569
82,91,83,71,96,577
91,73,78,89,84,585
87,62,101,76,79,595
85,130,88,93,78,526
68,88,90,100,92,562
104,78,71,83,73,591
77,99,95,104,70,555
80,86,79,77,120,558
86,77,119,63,80,575
121,65,96,68,85,565
82,114,88,66,72,578
92,104,72,94,77,561
90,83,73,85,106,563
80,114,83,75,79,569
76,71,93,103,58,599
82,85,93,94,80,566
84,100,78,85,99,554
62,104,87,74,81,592
91,93,84,79,106,547
74,78,93,85,91,579
74,101,83,66,85,591
61,86,96,72,101,584
108,81,82,74,83,572
85,98,101,71,68,577
79,61,99,84,91,586
65,79,78,123,75,580
85,87,76,92,93,567
79,81,72,78,81,609
76,98,97,79,57,593
76,89,95,71,141,528
75,95,67,94,91,578
68,91,109,88,71,573
138,74,80,102,71,535
85,80,78,78,91,588
85,92,84,75,88,576
90,83,108,90,72,557
80,63,89,76,120,572
72,68,74,80,100,606
95,95,67,84,87,572
83,71,113,80,77,576
104,59,85,70,89,593
75,61,71,125,85,583
102,86,73,82,94,563
85,69,120,71,79,576
122,61,105,80,65,567
79,137,81,90,88,525
77,85,76,74,79,609
58,116,72,106,82,566
116,81,66,79,75,583
87,81,80,89,96,567
66,71,94,100,81,588
95,93,70,85,84,573
80,78,72,73,72,625
90,73,83,85,117,552
81,73,97,71,109,569
103,130,72,74,90,531
80,99,93,91,75,562
67,79,80,94,119,561
61,84,79,119,96,561
149,81,79,98,76,517
87,94,73,85,65,596
85,75,90,93,100,557
76,79,135,76,77,557
76,99,81,88,82,574
71,95,63,81,66,624
103,70,71,99,87,570
70,118,69,80,82,581
92,82,108,73,62,583
75,103,107,77,79,559
107,102,77,79,79,556
97,79,119,71,70,564
80,80,87,95,86,572
118,70,79,83,67,583
116,72,78,74,73,587
91,81,83,91,139,515
71,92,95,68,84,590
66,82,127,68,82,575
57,76,100,62,81,624
100,89,71,88,80,572
78,70,63,85,119,585
102,71,82,83,90,572
89,81,86,101,72,571
80,68,83,83,119,567
87,91,84,77,82,579
80,85,70,132,75,558
97,72,83,96,91,561
81,109,81,94,78,557
73,99,74,74,130,550
68,74,97,90,95,576
92,89,79,82,86,572
85,71,137,69,70,568
102,90,82,61,90,575
73,77,72,71,72,635
76,81,155,68,96,524
95,64,106,80,88,567
81,70,96,98,99,556
67,78,75,91,105,584
76,72,118,80,87,567
52,115,99,74,80,580
137,83,90,93,102,495
90,69,92,88,98,563
84,76,69,74,72,625
79,74,134,73,111,529
84,83,80,71,86,596
98,55,80,75,105,587
88,110,74,68,85,575
91,79,81,97,84,568
68,80,118,91,66,577
143,62,94,61,93,547
104,93,80,131,73,519
85,74,73,82,71,615
94,75,69,98,103,561
102,90,88,88,82,550
66,107,68,76,92,591
90,84,150,88,75,513
92,80,88,93,87,560
137,108,75,105,79,496
102,79,73,78,63,605
89,61,90,70,93,597
80,68,131,61,88,572
87,83,86,84,86,574
123,78,64,98,79,558
77,88,87,81,73,594
97,101,73,75,87,567
67,83,66,78,79,627
80,84,77,99,99,561
117,61,83,94,68,577
79,85,110,81,74,571
71,104,75,103,68,579
80,75,102,92,87,564
78,112,98,76,78,558
79,97,95,121,68,540
67,90,74,90,92,587
62,68,122,69,83,596
118,78,94,109,68,533
69,70,81,89,70,621
89,76,114,77,66,578
79,69,66,113,105,568
102,68,89,84,93,564
106,105,82,73,74,560
83,78,107,89,75,568
79,107,77,88,99,550
76,89,114,68,70,583
82,101,83,75,76,583
66,96,76,76,105,581
111,79,71,74,87,578
74,66,67,136,86,571
88,85,96,102,85,544
64,70,72,72,124,598
65,77,72,112,107,567
76,86,80,83,100,575
78,82,77,125,81,557
98,82,84,82,85,569
81,78,92,93,90,566
96,87,71,104,69,573
77,78,123,72,70,580
133,96,92,90,91,498
94,81,73,74,101,577
90,79,88,90,94,559
88,87,107,72,78,568
76,80,97,100,62,585
71,109,90,69,88,573
107,76,75,149,80,513
93,74,75,90,108,560
73,94,101,79,78,575
76,78,78,78,61,629
106,75,76,91,83,569
82,106,72,80,112,548
76,79,102,104,74,565
94,97,72,84,89,564
111,65,146,67,75,536
97,77,99,81,88,558
90,88,75,102,67,578
86,85,119,84,64,562
99,90,87,84,84,556
81,82,80,76,125,556
81,78,70,119,99,553
68,85,85,85,99,578
128,62,108,97,80,525
80,104,78,81,79,578
86,86,105,65,64,594
79,87,92,124,108,510
83,101,82,82,89,563
83,83,123,84,78,549
72,71,90,82,67,618
73,96,71,91,85,584
115,88,69,85,88,555
82,74,69,67,78,630
55,90,79,95,106,575
120,83,76,77,120,524
92,74,93,89,90,562
87,148,86,81,71,527
95,95,69,75,97,569
79,102,97,143,70,509
92,88,84,101,72,563
183,85,75,90,69,498
105,85,77,87,89,557
84,76,122,65,87,566
96,77,92,77,84,574
96,89,96,73,93,553
82,124,80,74,92,548
69,79,113,84,72,583
141,90,102,79,76,512
100,108,86,68,78,560
85,93,97,83,87,555
77,80,82,115,76,570
83,95,84,89,86,563
76,69,74,86,81,614
71,66,73,89,122,579
89,81,80,86,98,566
70,98,81,94,103,554
72,77,81,77,129,564
72,67,107,141,91,522
74,108,83,76,84,575
80,80,99,142,81,518
90,75,81,90,98,566
107,92,75,89,73,564
70,99,155,60,73,543
81,73,98,98,69,581
83,94,110,71,80,562
104,64,98,83,79,572
83,128,82,87,102,518
90,88,80,98,108,536
96,152,63,87,90,512
84,85,134,68,86,543
76,80,87,64,80,613
100,81,88,78,69,584
89,101,71,75,90,574
86,88,118,70,72,566
77,93,87,168,69,506
84,80,90,107,77,562
175,81,92,90,73,489
86,78,96,82,76,582
89,112,84,73,56,586
77,85,83,114,69,572
66,82,77,81,118,576
85,72,82,103,79,579
70,148,74,72,74,562
91,88,89,80,85,567
81,80,79,126,81,553
64,76,66,106,133,555
91,63,88,78,98,582
71,78,68,59,136,588
94,80,144,66,77,539
114,59,94,121,90,522
88,74,91,92,107,548
68,102,92,101,83,554
115,89,87,82,72,555
98,72,70,88,72,600
75,130,64,85,75,571
63,99,80,90,94,574
92,85,80,97,67,579
94,70,119,72,66,579
131,71,95,63,76,564
91,75,88,102,69,575
78,73,124,86,61,578
66,81,97,73,102,581
64,73,83,65,87,628
71,74,80,128,75,572
59,148,80,96,87,530
94,109,83,101,90,523
129,70,78,65,80,578
80,75,105,89,84,567
67,113,80,107,69,564
84,92,60,100,140,524
93,121,73,71,88,554
110,84,63,76,114,553
97,97,86,70,82,568
72,65,84,115,74,590
74,92,97,78,69,590
88,85,97,77,81,572
77,83,108,92,94,546
73,79,95,129,78,546
94,93,98,82,77,556
82,81,91,81,71,594
75,83,126,81,69,566
92,92,91,141,71,513
86,79,77,90,88,580
67,76,124,74,83,576
100,93,99,72,72,564
78,89,79,89,90,575
91,88,81,84,79,577
78,98,108,78,79,559
93,81,107,99,83,537
76,107,77,94,101,545
77,77,78,126,77,565
71,70,71,93,76,619
76,104,111,77,82,550
92,80,89,91,66,582
91,77,92,80,96,564
79,66,89,69,133,564
72,86,86,89,99,568
84,91,74,141,82,528
92,84,85,96,86,557
84,101,69,80,98,568
77,91,94,92,72,574
67,79,81,79,124,570
151,91,75,64,83,536
85,107,80,94,73,561
97,90,83,86,82,562
83,81,100,91,89,556
95,71,89,95,84,566
79,90,78,75,83,595
105,75,86,74,90,570
73,65,66,90,110,596
68,93,97,96,81,565
71,77,87,79,88,598
77,93,81,78,90,581
76,133,75,68,85,563
96,101,75,131,77,520
69,90,102,103,89,547
109,76,88,102,79,546
103,76,82,96,60,583
79,70,77,75,98,601
94,80,98,88,87,553
74,122,79,77,79,569
127,76,70,81,77,569
88,96,73,79,98,566
105,78,74,70,88,585
98,104,72,90,78,558
68,97,72,86,74,603
88,90,98,107,129,488
102,67,85,93,97,556
64,65,135,79,75,582
60,135,100,100,74,531
122,94,75,87,95,527
95,105,87,71,78,564
68,88,64,105,77,598
84,76,75,98,83,584
68,105,72,82,91,582
107,73,88,72,77,583
73,67,81,95,107,577
116,57,87,88,97,555
78,150,62,83,82,545
93,90,76,92,100,549
102,98,80,83,74,563
86,75,119,83,67,570
63,71,87,79,75,625
80,90,101,81,97,551
54,87,93,84,78,604
124,92,94,93,91,506
89,132,74,68,69,568
83,83,114,78,71,571
84,63,90,73,70,620
72,121,76,92,72,567
124,86,96,77,88,529
92,79,123,66,76,564
85,90,88,76,99,562
79,104,92,70,88,567
73,100,112,66,84,565
85,107,93,64,97,554
111,62,70,137,92,528
75,77,90,98,88,572
104,96,78,81,70,571
87,80,91,97,68,577
112,70,72,90,77,579
81,103,88,79,117,532
60,85,72,128,83,572
70,81,89,88,98,574
113,76,83,83,82,563
77,97,94,70,88,574
60,73,86,71,79,631
68,141,86,78,77,550
98,96,83,84,90,549
75,79,129,88,72,557
87,85,85,78,96,569
90,77,107,53,80,593
73,80,105,137,87,518
77,93,77,87,89,577
95,110,82,82,77,554
78,94,123,65,86,554
78,57,77,129,84,575
97,69,137,82,75,540
106,81,109,61,71,572
79,84,85,89,100,563
67,74,72,80,85,622
156,74,67,83,112,508
89,81,76,85,114,555
83,96,128,89,78,526
75,90,88,88,89,570
67,79,95,116,71,572
87,93,84,89,91,556
85,65,117,85,71,577
72,109,91,85,68,575
98,94,71,83,86,568
87,90,101,83,77,562
77,84,66,118,67,588
70,65,73,78,125,589
72,74,111,67,90,586
85,87,84,84,87,573
104,76,94,86,86,554
81,80,72,77,80,610
75,72,76,74,80,623
92,66,98,95,89,560
77,142,116,81,74,510
77,110,89,87,80,557
68,87,71,73,76,625
67,98,72,106,79,578
66,87,91,97,105,554
69,76,112,80,94,569
93,88,89,79,75,576
68,85,91,99,88,569
65,74,120,96,79,566
62,125,80,91,65,577
131,86,126,77,83,497
90,110,79,72,74,575
82,104,160,81,66,507
90,70,91,80,84,585
82,79,82,134,78,545
90,61,86,103,90,570
83,138,65,106,86,522
72,99,115,74,70,570
83,97,115,93,73,539
66,72,96,88,164,514
80,79,90,95,104,552
73,59,136,74,77,581
69,75,87,76,126,567
102,72,83,82,88,573
77,67,78,79,81,618
86,91,83,82,78,580
101,107,76,77,122,517
85,73,112,70,97,563
72,66,90,112,82,578
73,94,89,101,100,543
110,91,80,88,80,551
76,78,73,124,74,575
130,65,98,84,93,530
82,52,110,103,80,573
65,121,85,92,72,565
81,102,84,99,86,548
145,79,76,115,61,524
87,83,94,85,119,532
78,124,79,65,80,574
88,90,75,70,121,556
80,95,71,91,87,576
145,81,60,78,79,557
95,83,139,83,85,515
94,104,89,68,78,567
87,93,81,112,76,551
69,75,66,85,74,631
102,104,65,77,71,581
97,84,81,73,87,578
82,64,71,122,76,585
99,99,89,91,72,550
108,82,87,93,78,552
82,125,86,73,56,578
82,85,62,94,89,588
169,78,70,75,79,529
96,79,81,106,78,560
104,136,77,85,77,521
78,96,73,127,68,558
74,77,118,93,69,569
63,102,92,92,98,553
73,102,77,104,83,561
65,85,77,83,73,617
51,79,75,83,125,587
129,79,109,82,96,505
83,103,85,72,79,578
93,96,69,98,84,560
71,98,100,71,103,557
74,96,67,61,81,621
87,94,104,81,83,551
69,89,85,72,120,565
61,75,66,122,100,576
103,80,100,97,66,554
91,77,74,78,104,576
114,82,73,75,82,574
94,92,121,73,61,559
121,78,79,71,75,576
86,85,81,69,117,562
94,121,75,73,85,552
74,97,64,124,64,577
89,84,119,91,75,542
69,116,69,80,103,563
86,76,95,95,73,575
76,117,88,88,71,560
71,83,84,99,87,576
91,120,57,89,75,568
79,83,128,114,73,523
78,78,95,72,62,615
80,74,85,79,159,523
71,92,94,70,90,583
81,90,79,67,85,598
67,88,111,94,82,558
106,64,101,78,72,579
91,128,86,83,79,533
91,110,60,90,90,559
105,89,56,76,86,588
87,113,131,70,95,504
72,95,88,107,76,562
74,77,115,85,96,553
66,118,82,75,77,582
99,90,92,88,78,553
82,70,127,78,73,570
128,70,86,81,77,558
83,176,67,70,78,526
90,99,84,73,88,566
70,89,126,65,76,574
76,78,88,93,109,556
73,123,74,77,99,554
111,82,61,72,75,599
109,87,66,95,80,563
93,60,77,84,114,572
84,110,84,77,77,568
93,114,82,86,89,536
89,86,81,128,81,535
86,93,89,70,144,518
85,72,82,88,83,590
101,91,66,97,91,554
81,84,157,90,89,499
70,97,84,104,67,578
61,72,92,85,116,574
89,83,83,80,80,585
65,102,109,69,79,576
88,84,83,91,81,573
99,102,62,78,85,574
107,86,91,67,88,561
93,111,88,62,95,551
85,91,60,75,99,590
76,78,114,75,87,570
81,64,81,80,105,589
76,150,73,82,70,549
74,93,67,86,68,612
107,80,83,77,68,585
98,75,119,81,63,564
86,82,103,94,83,552
67,74,66,89,86,618
88,93,75,82,103,559
104,77,68,106,91,554
86,72,109,87,74,572
80,73,67,77,131,572
64,98,148,68,83,539
123,66,93,93,86,539
82,134,100,88,78,518
99,102,82,71,75,571
97,73,69,108,74,579
74,131,68,85,68,574
82,87,62,79,112,578
72,107,141,80,75,525
62,92,97,75,116,558
66,64,86,123,85,576
75,89,79,97,113,547
71,113,79,102,101,534
119,71,70,86,79,575
94,61,78,115,97,555
111,55,97,68,94,575
83,152,80,74,75,536
75,104,70,71,102,578
76,96,82,93,80,573
160,77,79,63,109,512
94,91,83,91,63,578
84,79,100,66,88,583
84,63,138,60,90,565
75,88,85,89,81,582
65,73,65,125,86,586
95,63,84,97,82,579
68,91,78,86,88,589
69,79,70,83,123,576
88,77,80,95,81,579
72,70,103,84,101,570
69,90,83,76,111,571
73,79,67,137,76,568
63,79,68,100,114,576
67,80,135,69,74,575
87,73,96,102,78,564
60,86,104,100,96,554
71,81,81,75,104,588
71,64,70,124,84,587
96,79,90,78,86,571
72,73,103,106,70,576
72,98,89,78,103,560
90,87,101,83,71,568
65,73,71,135,70,586
67,83,113,101,74,562
94,79,99,75,93,560
87,80,72,145,82,534
90,98,122,94,83,513
77,85,96,72,78,592
82,76,88,78,104,572
79,54,70,77,87,633
105,92,78,66,96,563
84,78,81,112,71,574
89,94,60,86,93,578
81,89,81,86,84,579
119,76,77,82,75,571
90,82,71,115,76,566
104,96,90,77,79,554
59,89,77,93,99,583
98,109,76,80,75,562
90,79,62,107,64,598
98,67,136,100,91,508
88,93,71,70,86,592
70,99,85,86,87,573
61,82,78,78,72,629
77,100,91,81,85,566
109,74,88,76,80,573
92,87,104,82,71,564
105,70,91,103,65,566
95,121,74,101,83,526
117,74,61,87,85,576
91,86,95,85,76,567
78,66,86,93,71,606
72,57,68,86,60,657
92,83,82,74,132,537
81,136,77,104,92,510
82,81,110,86,81,560
74,72,76,84,70,624
60,92,86,83,157,522
83,70,89,102,87,569
66,74,81,75,88,616
92,65,82,101,86,574
94,92,87,72,81,574
81,95,67,93,119,545
75,111,128,76,102,508
70,76,88,138,118,510
84,67,109,104,75,561
84,96,91,89,92,548
71,85,98,74,134,538
102,73,67,91,115,552
91,130,82,91,78,528
88,85,63,82,72,610
78,85,163,77,71,526
71,78,96,105,53,597
111,94,82,93,103,517
84,78,70,105,88,575
73,76,104,81,89,577
54,105,100,91,85,565
80,66,94,76,95,589
99,99,69,76,83,574
69,71,99,77,109,575
97,82,93,81,93,554
77,72,63,74,93,621
92,74,71,105,77,581
84,81,84,96,66,589
101,106,78,86,76,553
74,84,120,67,66,589
84,101,83,93,118,521
77,73,122,84,77,567
74,76,81,54,76,639
83,70,95,68,90,594
76,104,82,80,90,568
82,83,71,77,80,607
72,110,111,81,77,549
70,70,87,95,89,589
85,67,106,87,162,493
76,111,74,67,100,572
90,87,76,83,84,580
69,82,89,92,110,558
111,67,93,79,76,574
98,94,83,77,82,566
63,76,77,128,75,581
75,69,127,90,77,562
84,91,100,75,93,557
74,127,96,92,67,544
71,87,71,80,79,612
98,76,73,74,69,610
95,133,88,75,94,515
86,96,75,94,85,564
82,74,97,123,71,553
71,118,68,91,73,579
68,88,70,72,135,567
74,91,101,94,79,561
66,79,91,78,108,578
96,66,68,96,99,575
100,87,71,76,101,565
81,106,99,70,83,561
99,84,81,75,88,573
83,117,79,90,71,560
79,96,61,124,77,563
82,105,134,89,73,517
68,83,85,58,112,594
142,81,104,88,91,494
83,105,80,70,70,592
86,77,83,58,77,619
88,81,77,155,75,524
88,80,79,97,137,519
91,70,70,112,103,554
76,91,86,88,92,567
62,84,126,75,66,587
81,82,98,99,80,560
79,106,77,80,76,582
83,78,74,93,86,586
80,92,137,95,101,495
64,123,91,78,78,566
96,94,78,78,77,577
76,90,110,76,78,570
67,83,105,101,94,550
92,102,77,79,89,561
80,84,83,78,101,574
59,119,78,63,83,598
110,87,118,78,78,529
79,92,102,91,77,559
82,81,81,86,82,588
72,80,105,104,69,570
113,77,81,83,86,560
106,71,66,72,75,610
87,99,141,96,63,514
86,79,96,74,88,577
76,76,75,72,76,625
