Groups 1,Groups 2,Groups 3,Groups 4,Groups 5,free agent
100,100,100,100,100,500
68,91,83,128,82,548
105,84,84,82,68,577
63,63,76,109,155,534
88,63,95,87,97,570
109,69,112,70,67,573
82,74,86,86,95,577
66,128,78,76,79,573
91,98,75,89,75,572
83,68,73,80,121,575
70,69,52,84,81,644
65,69,104,84,91,587
68,72,118,104,81,557
106,80,89,77,97,551
71,79,76,166,79,529
93,81,87,96,77,566
71,81,61,66,119,602
94,70,91,135,89,521
82,63,84,93,76,602
80,71,65,73,122,589
107,72,73,105,93,550
82,159,74,88,80,517
93,105,87,67,83,565
81,79,77,56,80,627
83,75,94,85,129,534
106,79,68,89,98,560
87,96,122,73,104,518
129,81,77,68,91,554
90,77,125,71,83,554
88,77,85,77,103,570
77,111,76,74,101,561
67,80,72,72,122,587
67,98,96,71,92,576
148,84,69,92,88,519
105,116,67,64,72,576
96,77,129,75,51,572
85,112,97,72,81,553
113,89,81,80,70,567
79,79,80,71,79,612
77,78,88,105,72,580
98,80,73,82,89,578
88,72,64,134,92,550
67,87,82,79,86,599
98,75,94,107,61,565
67,72,83,95,150,533
72,69,96,96,103,564
90,106,82,85,74,563
74,78,88,78,67,615
79,66,81,95,108,571
86,88,72,96,90,568
76,72,121,95,74,562
86,88,102,78,84,562
92,79,83,101,88,557
74,94,76,75,74,607
79,93,82,70,122,554
55,67,87,64,109,618
70,70,105,97,90,568
106,83,84,63,71,593
71,85,85,103,72,584
97,85,108,74,66,570
77,105,75,86,151,506
79,83,85,94,98,561
121,73,78,91,85,552
77,90,93,66,88,586
104,156,77,79,68,516
89,100,62,111,83,555
62,86,97,94,78,583
104,78,92,89,75,562
99,108,103,60,81,549
83,79,88,125,86,539
107,98,72,81,69,573
94,73,64,76,114,579
74,71,72,53,79,651
163,70,88,80,92,507
106,64,99,83,107,541
97,103,74,66,74,586
96,92,98,146,66,502
75,73,73,106,103,570
66,94,79,91,89,581
53,100,138,61,67,581
137,87,104,91,88,493
106,66,66,121,85,556
103,131,78,83,99,506
111,86,69,93,87,554
98,81,116,84,79,542
84,84,90,95,77,570
72,69,88,68,121,582
89,84,91,80,90,566
68,119,81,84,89,559
152,81,74,73,85,535
92,88,95,79,69,577
82,77,87,61,117,576
111,82,93,136,83,495
78,112,89,86,74,561
71,85,94,97,80,573
127,73,78,86,74,562
103,72,123,70,70,562
95,68,98,113,61,565
78,128,111,82,66,535
85,104,82,78,89,562
95,67,107,69,76,586
82,80,95,86,75,582
75,87,98,143,87,510
70,78,81,90,115,566
101,69,105,81,89,555
89,68,61,85,68,629
83,67,73,72,65,640
76,112,75,137,90,510
86,79,57,82,77,619
70,78,107,74,76,595
92,99,84,87,68,570
82,67,83,88,64,616
98,121,89,88,86,518
76,84,180,98,52,510
65,77,96,86,106,570
69,75,137,75,77,567
82,91,84,81,87,575
82,80,126,74,79,559
122,71,88,74,78,567
87,87,89,77,83,577
78,72,80,80,76,614
72,102,70,80,97,579
92,76,71,86,87,588
91,132,99,69,98,511
61,94,77,90,105,573
77,86,96,82,82,577
88,72,81,97,78,584
64,73,120,81,77,585
84,77,98,83,78,580
73,79,99,118,67,564
87,64,87,90,91,581
108,132,82,80,89,509
81,98,77,68,67,609
99,90,100,73,135,503
69,77,81,79,90,604
101,75,105,83,80,556
80,84,93,84,100,559
177,77,65,81,86,514
106,108,79,67,86,554
93,82,105,64,101,555
82,75,106,104,86,547
81,94,91,82,104,548
95,69,85,141,90,520
81,66,75,95,121,562
67,129,73,75,76,580
74,85,87,81,97,576
84,87,161,96,92,480
56,64,116,126,83,555
84,82,95,84,63,592
70,67,94,79,68,622
64,75,89,94,67,611
68,97,80,89,106,560
91,95,102,72,91,549
96,79,102,74,86,563
98,85,82,82,82,571
97,71,71,73,73,615
89,233,66,74,71,467
84,126,104,81,68,537
91,73,90,68,99,579
69,145,65,65,80,576
66,91,96,94,73,580
69,88,95,121,65,562
110,76,85,82,60,587
91,75,82,63,130,559
85,66,71,106,90,582
109,74,95,90,87,545
74,84,74,101,76,591
61,65,173,93,73,535
88,140,103,84,61,524
76,100,71,75,155,523
86,76,113,74,86,565
82,108,93,90,82,545
79,80,69,74,171,527
97,81,123,83,102,514
81,65,94,77,73,610
104,82,93,78,88,555
102,62,82,76,74,604
83,74,75,75,167,526
68,159,62,75,100,536
72,114,80,86,75,573
96,82,97,71,77,577
79,86,79,93,78,585
94,82,99,76,67,582
64,110,72,82,99,573
136,74,77,95,89,529
107,74,69,107,86,557
94,69,84,91,104,558
74,59,76,73,87,631
95,82,68,117,91,547
84,96,77,86,86,571
79,77,60,81,70,633
108,90,101,78,64,559
84,85,81,70,173,507
73,90,63,108,95,571
91,92,72,90,91,564
80,69,74,75,84,618
78,72,72,112,72,594
75,111,77,73,88,576
92,105,142,87,83,491
70,66,79,122,89,574
74,83,102,94,61,586
65,68,95,79,62,631
86,88,84,86,78,578
73,72,83,84,120,568
70,68,69,85,101,607
94,82,67,101,100,556
75,95,107,82,80,561
102,92,79,77,73,577
92,81,93,94,93,547
78,88,62,95,106,571
88,75,89,112,92,544
80,118,79,86,76,561
112,102,68,77,69,572
89,95,77,141,95,503
73,82,59,89,95,602
156,82,69,73,75,545
98,83,65,62,120,572
90,72,111,76,82,569
77,129,86,73,69,566
89,83,80,69,96,583
84,81,63,69,84,619
141,69,75,66,77,572
99,83,94,77,77,570
100,96,75,97,70,562
66,75,96,76,97,590
80,101,84,84,77,574
90,66,105,85,100,554
80,91,87,105,99,538
169,96,98,86,86,465
96,79,116,77,81,551
103,79,98,102,71,547
92,89,89,79,100,551
91,76,113,81,74,565
83,119,82,69,72,575
75,76,95,65,106,583
70,69,82,95,72,612
73,75,73,77,128,574
69,99,68,88,93,583
102,91,77,91,107,532
127,86,83,76,72,556
82,80,74,72,74,618
75,97,88,86,73,581
72,74,86,101,97,570
90,81,81,112,71,565
91,88,80,92,73,576
91,96,101,74,74,564
78,100,91,74,96,561
95,76,80,149,70,530
76,110,71,87,62,594
73,93,120,84,64,566
65,81,92,67,153,542
136,65,86,73,107,533
95,71,93,70,107,564
70,87,75,111,76,581
83,85,98,86,88,560
80,80,85,89,93,573
83,94,77,92,90,564
82,79,75,84,104,576
79,86,74,108,82,571
102,91,87,73,88,559
64,81,100,102,82,571
98,83,89,97,58,575
101,57,81,96,141,524
89,147,67,90,98,509
71,98,124,97,80,530
81,80,95,69,102,573
61,100,66,77,90,606
121,94,93,95,76,521
79,83,74,85,116,563
72,65,122,73,90,578
101,87,83,65,86,578
68,116,83,80,76,577
92,92,79,98,67,572
109,69,79,67,104,572
103,98,73,140,76,510
81,88,64,98,95,574
92,74,103,78,83,570
97,111,86,81,61,564
89,79,82,74,95,581
74,77,120,78,80,571
69,69,108,126,65,563
61,124,93,83,66,573
77,89,71,84,93,586
98,99,80,76,76,571
89,86,95,69,99,562
84,72,85,67,77,615
70,106,84,68,99,573
99,74,82,97,83,565
90,95,88,87,65,575
84,73,96,104,84,559
99,79,104,81,85,552
65,99,98,78,98,562
96,88,85,73,83,575
113,72,80,104,67,564
79,69,91,92,96,573
73,128,80,68,89,562
127,83,83,67,75,565
84,89,72,58,102,595
65,101,76,94,90,574
128,89,97,81,91,514
93,76,82,83,119,547
66,120,78,67,89,580
102,84,105,65,81,563
136,69,81,80,77,557
109,99,71,110,61,550
88,87,91,90,79,565
79,119,83,83,66,570
81,94,85,65,144,531
94,87,72,80,94,573
84,87,96,70,97,566
70,79,73,120,81,577
93,81,77,87,89,573
91,94,56,72,114,573
109,85,56,82,100,568
84,87,63,71,75,620
82,69,102,150,79,518
111,66,76,93,71,583
91,77,104,75,85,568
95,76,92,77,90,570
76,81,92,79,100,572
58,118,76,76,82,590
100,94,81,73,103,549
88,78,103,72,84,575
80,80,90,81,100,569
90,77,67,104,87,575
110,85,143,94,86,482
73,99,92,85,82,569
80,70,84,123,68,575
103,70,74,87,87,579
78,82,117,97,58,568
93,78,93,86,134,516
100,97,77,84,93,549
92,111,72,70,105,550
74,101,107,70,85,563
78,94,96,65,63,604
73,81,99,82,93,572
80,92,67,91,78,592
82,76,163,79,71,529
81,71,102,75,98,573
96,75,97,77,94,561
76,81,80,78,106,579
117,83,66,68,91,575
96,74,90,99,90,551
102,71,95,94,66,572
87,125,65,85,126,512
74,85,160,78,97,506
79,125,84,67,90,555
105,101,86,76,78,554
88,76,96,97,80,563
72,66,78,76,90,618
110,110,75,72,76,557
81,72,67,109,85,586
80,78,92,94,114,542
95,101,74,89,97,544
86,73,71,130,72,568
81,143,54,80,76,566
81,80,91,100,66,582
106,82,107,83,65,557
79,90,105,85,91,550
81,88,67,86,82,596
99,82,78,84,101,556
70,137,75,86,68,564
92,102,92,67,78,569
70,83,91,72,115,569
66,77,80,72,81,624
77,79,161,95,84,504
94,76,106,76,76,572
80,73,84,87,151,525
118,70,69,70,93,580
94,98,59,75,78,596
87,81,63,88,99,582
76,74,76,61,86,627
65,110,77,89,88,571
80,77,111,74,75,583
103,98,84,69,78,568
84,79,67,113,64,593
85,72,87,90,89,577
87,86,104,94,66,563
88,96,90,82,80,564
84,78,84,100,70,584
70,136,81,86,107,520
95,93,82,83,82,565
68,75,66,70,78,643
103,84,131,77,75,530
90,77,100,89,83,561
81,73,94,68,107,577
76,72,82,107,68,595
94,92,70,86,93,565
84,81,172,77,85,501
74,91,111,138,59,527
68,88,92,82,57,613
81,67,93,83,87,589
72,66,89,102,89,582
74,114,59,70,94,589
66,95,124,90,88,537
90,74,87,82,104,563
75,104,94,82,83,562
70,80,82,71,118,579
90,68,107,66,94,575
84,64,94,98,97,563
101,143,86,70,78,522
81,99,95,88,75,562
126,83,77,71,69,574
88,70,85,88,86,583
75,131,75,70,74,575
108,94,83,65,78,572
100,80,106,87,75,552
88,73,90,121,58,570
74,101,69,85,97,574
68,88,113,72,81,578
97,82,83,78,101,559
71,83,63,110,113,560
67,102,89,84,76,582
72,77,72,73,112,594
112,68,84,89,98,549
84,122,79,87,78,550
87,87,74,106,80,566
75,77,103,78,90,577
63,71,89,75,90,612
129,95,89,72,92,523
85,98,73,87,85,572
92,104,84,71,100,549
78,77,72,65,74,634
96,71,86,60,113,574
80,67,86,58,77,632
98,83,83,123,89,524
74,89,116,89,73,559
97,102,64,86,90,561
86,100,82,66,91,575
69,94,111,95,66,565
59,89,89,81,116,566
154,78,73,88,98,509
84,99,83,78,75,581
76,73,75,71,64,641
95,73,95,78,81,578
67,74,81,122,74,582
151,71,73,99,101,505
84,68,69,90,81,608
66,114,68,88,65,599
103,91,112,81,85,528
79,78,87,71,61,624
95,70,78,94,72,591
91,115,71,88,71,564
86,83,84,105,81,561
113,73,75,82,70,587
81,84,119,87,79,550
165,82,87,73,74,519
101,97,83,82,78,559
79,86,122,75,70,568
79,134,78,68,66,575
78,110,100,54,77,581
81,92,112,116,85,514
83,73,78,88,79,599
92,81,86,86,75,580
82,94,85,79,97,563
57,111,85,97,90,560
77,75,102,85,81,580
73,102,81,108,69,567
85,84,76,90,99,566
103,108,82,77,87,543
82,79,94,81,87,577
90,115,66,74,84,571
87,92,84,98,66,573
133,91,73,73,63,567
88,82,68,90,135,537
74,78,160,76,105,507
83,96,93,62,84,582
69,89,69,64,124,585
78,82,98,92,91,559
117,65,79,82,80,577
89,91,77,81,96,566
84,82,108,79,74,573
71,76,96,114,69,574
76,82,82,83,114,563
73,156,88,81,83,519
72,94,82,63,68,621
110,83,78,58,110,561
93,62,74,67,76,628
86,77,94,74,91,578
99,66,90,73,109,563
85,112,77,55,90,581
103,74,101,180,79,463
67,90,105,106,83,549
58,68,94,87,160,533
118,84,102,71,108,517
75,79,71,112,87,576
129,66,62,76,89,578
97,94,79,77,92,561
74,78,72,123,75,578
65,80,71,76,118,590
81,94,61,91,94,579
64,90,130,111,76,529
88,110,99,74,77,552
81,74,86,98,87,574
70,129,59,73,77,592
69,100,131,104,87,509
112,95,77,81,79,556
90,73,106,73,86,572
89,63,96,66,92,594
78,140,68,66,115,533
94,90,106,62,109,539
106,80,109,84,69,552
85,117,83,60,66,589
117,84,80,68,68,583
78,101,97,98,69,557
81,77,61,85,124,572
77,72,103,76,88,584
114,75,90,67,65,589
98,77,100,63,83,579
87,97,89,72,104,551
67,80,79,123,91,560
133,93,89,91,66,528
96,104,82,77,82,559
65,91,78,128,78,560
69,95,128,108,94,506
104,85,93,71,76,571
84,85,115,65,91,560
76,70,99,111,72,572
85,73,89,90,153,510
111,58,74,75,98,584
74,90,149,79,82,526
103,76,108,82,61,570
81,113,72,88,57,589
97,93,79,70,130,531
70,106,71,84,86,583
140,91,93,88,75,513
91,85,75,70,106,573
71,87,72,71,145,554
86,90,53,91,96,584
58,85,52,78,88,639
99,83,69,73,82,594
75,87,155,96,79,508
56,74,98,76,73,623
75,80,88,86,92,579
128,78,69,86,64,575
95,74,89,91,73,578
111,67,106,82,84,550
87,89,73,86,110,555
75,80,74,120,83,568
77,101,95,82,75,570
78,85,73,86,102,576
73,65,126,75,93,568
69,97,93,87,75,579
60,85,88,79,120,568
90,109,81,81,93,546
89,71,83,125,66,566
70,122,75,84,71,578
89,82,65,100,92,572
106,101,77,72,76,568
70,70,84,80,169,527
132,80,77,94,109,508
89,73,69,78,77,614
76,75,92,109,71,577
141,54,70,83,104,548
97,110,52,85,73,583
98,106,128,79,49,540
106,80,88,76,76,574
81,64,72,82,71,630
69,90,84,71,143,543
88,100,66,66,86,594
82,78,103,96,73,568
75,67,80,90,138,550
71,97,75,111,96,550
66,81,126,83,82,562
72,85,86,64,122,571
89,76,92,78,93,572
80,78,89,58,84,611
72,88,89,100,86,565
80,119,81,78,78,564
76,85,88,75,153,523
66,99,79,99,109,548
153,82,71,83,90,521
90,80,90,98,90,552
68,79,73,80,79,621
102,70,73,104,91,560
84,76,100,87,82,571
95,78,100,119,66,542
73,77,94,76,168,512
125,56,83,73,97,566
94,61,119,71,87,568
88,137,84,89,70,532
78,109,79,78,56,600
105,86,70,99,70,570
89,89,75,69,127,551
70,83,62,111,86,588
105,82,75,71,89,578
93,117,129,71,80,510
76,80,83,63,115,583
78,102,109,81,82,548
85,86,89,73,59,608
82,78,85,62,177,516
84,123,77,101,104,511
68,81,122,80,74,575
58,105,86,83,88,580
83,84,84,102,91,556
81,96,102,71,82,568
68,97,96,72,81,586
75,86,97,101,75,566
89,69,93,109,97,543
74,95,82,80,103,566
101,111,82,74,78,554
72,92,81,116,64,575
73,82,99,91,80,575
65,75,86,132,80,562
101,79,91,103,72,554
80,123,80,80,73,564
78,88,68,134,79,553
71,96,100,98,77,558
73,77,82,77,70,621
77,108,78,71,81,585
103,81,80,82,83,571
84,106,77,129,70,534
83,81,97,89,92,558
66,65,80,76,71,642
93,83,82,84,96,562
86,113,73,83,78,567
78,98,102,73,103,546
89,75,110,76,78,572
75,144,94,68,106,513
96,80,83,83,93,565
94,118,72,73,76,567
96,87,83,83,97,554
115,69,69,75,81,591
99,76,106,74,97,548
86,78,59,63,92,622
98,85,66,90,98,563
84,73,91,74,90,588
112,83,83,98,76,548
76,80,127,72,62,583
93,84,80,104,70,569
81,88,98,65,88,580
72,67,90,97,158,516
68,63,123,75,96,575
94,62,80,99,83,582
83,165,72,81,78,521
84,102,126,62,96,530
93,83,100,98,70,556
101,73,89,75,92,570
94,73,65,112,93,563
78,66,63,78,83,632
86,93,72,83,78,588
75,85,103,99,71,567
88,77,98,80,138,519
71,117,74,71,82,585
94,90,75,73,86,582
73,80,70,170,92,515
78,69,87,85,96,585
69,118,60,71,86,596
98,78,81,60,89,594
89,99,90,66,81,575
83,100,69,122,107,519
73,86,141,80,84,536
64,82,96,72,119,567
97,73,78,88,93,571
85,76,125,92,73,549
86,91,84,90,127,522
69,76,73,77,77,628
88,73,90,77,89,583
82,93,72,71,109,573
112,83,66,64,86,589
80,96,71,86,93,574
92,72,92,84,88,572
87,82,86,76,96,573
70,116,71,75,87,581
108,92,70,100,74,556
70,64,72,81,75,638
80,156,67,82,88,527
108,96,81,66,86,563
85,82,67,159,76,531
146,69,85,97,74,529
95,71,79,85,61,609
91,74,82,83,105,565
86,80,117,72,84,561
81,70,73,140,105,531
80,73,58,75,89,625
82,106,98,66,86,562
107,73,75,91,81,573
86,69,122,78,88,557
83,75,97,73,107,565
83,74,63,98,120,562
70,72,112,88,97,561
114,63,86,73,88,576
88,144,77,101,61,529
72,94,60,87,133,554
140,108,66,96,96,494
87,85,112,76,60,580
80,103,95,69,76,577
110,86,75,70,101,558
80,138,65,61,95,561
64,97,61,115,80,583
128,74,88,90,91,529
100,102,93,70,87,548
94,80,73,104,70,579
90,109,68,81,69,583
84,89,138,78,104,507
128,80,83,79,74,556
96,107,61,82,76,578
99,92,81,95,78,555
104,74,75,74,106,567
82,112,84,67,99,556
109,102,60,62,91,576
82,85,83,92,79,579
102,85,85,80,74,574
86,59,99,97,70,589
99,94,93,74,84,556
71,84,125,76,78,566
92,95,96,69,102,546
100,73,87,84,84,572
88,88,124,75,49,576
69,77,100,148,87,519
63,98,107,77,77,578
93,73,72,88,89,585
73,128,67,73,85,574
66,87,112,64,76,595
88,94,84,75,105,554
75,72,65,67,88,633
105,92,79,79,93,552
85,87,107,76,82,563
76,84,84,117,76,563
61,68,89,94,66,622
94,101,94,72,60,579
85,90,86,65,104,570
85,71,74,70,142,558
79,128,94,78,108,513
79,81,93,78,85,584
92,78,87,91,78,574
85,76,81,113,105,540
86,97,74,87,79,577
58,77,111,81,72,601
102,80,105,101,62,550
75,81,86,73,111,574
67,143,64,78,80,568
89,89,96,86,68,572
63,108,76,76,92,585
112,90,71,72,79,576
78,78,74,108,63,599
89,67,97,83,94,570
116,80,70,76,73,585
94,80,69,100,97,560
79,87,95,80,83,576
72,98,85,90,84,571
70,75,78,74,115,588
113,71,63,106,78,569
74,80,59,69,89,629
88,88,105,70,67,582
112,68,93,94,61,572
94,98,85,63,142,518
85,90,68,105,85,567
77,68,98,84,81,592
98,89,77,78,128,530
101,80,128,89,91,511
80,110,92,85,69,564
71,86,78,83,99,583
72,127,68,106,79,548
67,87,144,70,91,541
70,70,84,91,112,573
96,92,78,72,102,560
66,68,130,67,79,590
64,57,100,125,89,565
99,128,85,101,76,511
84,68,74,106,86,582
102,73,96,70,70,589
87,135,81,84,87,526
68,78,72,75,127,580
73,154,62,102,102,507
93,86,92,83,80,566
100,109,71,80,73,567
81,96,62,120,71,570
66,65,101,93,107,568
63,113,71,78,93,582
79,83,90,94,83,571
85,66,83,75,66,625
86,84,82,92,86,570
82,83,65,77,75,618
110,65,85,77,87,576
90,81,103,86,71,569
80,83,69,109,98,561
101,65,93,90,98,553
88,72,80,82,75,603
79,121,87,78,78,557
73,89,78,94,100,566
77,71,84,74,118,576
70,60,75,107,105,583
77,137,99,84,87,516
91,89,81,93,93,553
121,76,72,74,82,575
77,83,91,87,80,582
173,64,68,63,103,529
96,63,127,90,74,550
90,86,93,73,89,569
88,75,84,123,72,558
88,118,66,88,69,571
86,85,65,79,171,514
81,90,77,126,108,518
114,80,87,78,97,544
85,77,80,77,77,604
82,70,73,114,96,565
91,70,119,102,64,554
70,68,89,86,65,622
81,75,106,77,86,575
63,77,84,115,76,585
65,100,110,81,88,556
116,73,78,83,71,579
90,95,71,78,147,519
65,81,86,124,85,559
87,97,73,90,73,580
85,82,88,87,81,577
85,104,64,95,92,560
106,77,144,71,101,501
111,79,90,83,78,559
81,80,82,69,120,568
97,98,75,67,105,558
86,71,105,87,85,566
68,100,71,78,81,602
120,90,79,68,79,564
95,80,105,73,92,555
120,78,69,65,82,586
94,86,97,65,81,577
80,109,91,85,84,551
76,75,95,88,65,601
75,93,73,79,98,582
77,77,65,68,87,626
74,82,133,75,102,534
85,91,78,82,89,575
75,141,75,73,79,557
92,103,73,93,72,567
80,77,73,95,115,560
62,90,108,91,80,569
149,80,88,108,59,516
97,64,100,77,93,569
82,111,70,80,81,576
88,74,72,97,90,579
74,72,69,78,64,643
88,75,106,73,78,580
67,59,83,68,127,596
88,109,76,80,84,563
79,96,90,103,83,549
67,79,100,80,95,579
90,86,94,85,85,560
78,77,86,73,117,569
63,73,77,85,83,619
60,81,79,87,90,603
72,59,89,75,98,607
85,132,89,96,75,523
94,83,145,76,86,516
74,81,93,70,118,564
91,78,89,87,97,558
80,85,77,108,97,553
71,76,73,73,74,633
97,83,67,92,72,589
81,75,73,76,116,579
95,104,74,74,84,569
84,62,80,105,63,606
86,101,74,81,91,567
71,86,143,80,110,510
94,71,79,111,80,565
107,71,109,71,84,558
74,95,88,87,62,594
67,89,83,73,111,577
112,77,73,70,89,579
97,70,91,88,95,559
80,75,92,80,74,599
107,103,64,76,74,576
92,86,75,96,88,563
84,89,91,89,85,562
79,123,97,73,84,544
80,83,74,124,75,564
72,108,58,90,97,575
92,93,80,86,78,571
95,82,55,91,101,576
83,82,111,82,79,563
105,89,81,102,82,541
66,94,77,94,90,579
94,84,95,95,73,559
82,95,79,85,106,553
110,70,73,72,84,591
81,95,134,74,103,513
71,67,86,123,86,567
154,63,81,91,82,529
95,92,81,73,90,569
92,80,100,79,79,570
74,75,91,65,126,569
115,77,69,70,82,587
80,84,108,78,85,565
74,80,91,75,71,609
85,96,84,84,70,581
133,90,80,67,81,549
81,102,85,81,78,573
108,98,60,114,72,548
80,94,104,69,108,545
93,74,77,99,95,562
84,96,107,83,85,545
109,70,89,82,83,567
77,102,85,73,72,591
96,75,91,128,101,509
77,75,92,95,84,577
71,80,94,82,90,583
93,85,80,102,78,562
87,82,134,80,63,554
83,72,74,68,71,632
97,95,90,74,66,578
72,84,102,68,63,611
82,92,97,73,82,574
66,100,90,69,115,560
119,75,80,75,91,560
88,86,94,69,89,574
86,77,76,74,111,576
80,71,73,65,92,619
78,88,88,147,75,524
77,94,97,92,88,552
80,74,84,106,101,555
108,89,68,90,87,558
83,82,64,92,116,563
78,66,71,65,100,620
69,86,122,74,82,567
90,87,81,89,82,571
86,75,85,96,91,567
79,72,121,94,74,560
78,84,100,108,69,561
67,113,78,93,72,577
58,93,80,79,73,617
135,83,100,86,87,509
81,125,67,70,81,576
85,81,132,70,76,556
81,99,81,96,61,582
100,88,76,87,90,559
87,80,62,63,88,620
89,90,99,73,103,546
75,69,72,94,126,564
155,90,73,64,91,527
107,72,73,100,76,572
77,68,76,88,69,622
64,74,82,74,83,623
86,90,77,104,90,553
83,88,97,88,94,550
63,128,88,90,73,558
103,105,80,68,77,567
92,75,88,93,132,520
107,65,78,83,87,580
78,91,82,84,139,526
62,119,77,83,83,576
87,76,78,94,104,561
98,85,89,81,78,569
65,106,71,75,101,582
135,84,75,74,113,519
94,62,90,90,99,565
87,115,68,82,88,560
83,81,120,66,81,569
93,76,92,60,116,563
79,71,81,115,79,575
72,85,86,91,96,570
108,64,96,77,94,561
95,126,89,72,68,550
104,94,74,93,79,556
88,85,65,133,71,558
88,77,76,92,109,558
70,79,85,111,87,568
87,109,90,81,95,538
66,91,78,76,128,561
66,96,106,86,95,551
78,75,90,72,109,576
90,78,97,88,102,545
82,86,72,109,94,557
102,63,76,85,94,580
102,106,65,73,79,575
74,83,66,126,72,579
71,79,140,79,62,569
134,85,86,89,74,532
75,70,78,93,73,611
68,104,86,87,88,567
115,89,77,80,77,562
84,73,67,75,66,635
82,92,69,151,79,527
75,123,68,111,63,560
76,94,114,88,74,554
66,84,98,72,67,613
108,90,86,67,72,577
95,98,96,80,81,550
76,89,71,84,109,571
113,82,64,72,84,585
90,69,63,121,79,578
74,92,89,96,69,580
71,122,77,81,80,569
61,98,98,68,107,568
96,84,78,88,82,572
77,101,68,102,80,572
71,61,138,75,98,557
83,83,89,90,84,571
78,80,85,119,76,562
71,109,84,79,90,567
83,98,87,87,88,557
121,74,83,88,63,571
96,85,86,73,98,562
90,71,123,65,81,570
90,79,83,88,94,566
72,79,130,76,72,571
72,72,91,79,104,582
60,148,76,104,87,525
100,101,92,76,79,552
79,84,76,118,71,572
