Groups 1,Groups 2,Groups 3,Groups 4,Groups 5,free agent
100,100,100,100,100,500
54,63,60,56,51,716
56,46,83,42,69,704
57,48,53,136,47,659
54,69,51,62,58,706
57,53,82,45,60,703
59,58,49,125,48,661
48,49,86,61,71,685
64,56,48,68,44,720
62,51,76,49,58,704
68,73,50,72,56,681
47,65,64,44,49,731
57,49,57,45,99,693
66,59,56,117,64,638
58,108,50,60,51,673
71,59,79,50,56,685
51,83,57,52,47,710
64,54,44,72,113,653
51,108,68,49,63,661
87,51,60,47,45,710
51,63,50,59,71,706
60,54,114,52,51,669
54,78,57,67,53,691
45,54,70,40,80,711
50,77,53,139,46,635
63,44,91,67,46,689
53,141,56,46,40,664
53,72,48,61,87,679
64,58,51,47,46,734
53,53,57,108,49,680
47,53,50,53,100,697
54,62,69,53,57,705
38,58,67,53,43,741
76,52,57,52,61,702
60,42,51,49,64,734
70,39,43,48,51,749
47,96,39,54,56,708
79,49,68,63,55,686
57,80,49,39,46,729
49,60,55,62,52,722
50,54,47,48,54,747
42,55,67,80,64,692
108,62,49,53,57,671
60,61,76,60,69,674
64,46,59,66,45,720
54,88,71,52,82,653
72,46,50,66,53,713
45,61,87,64,75,668
79,53,54,43,42,729
53,60,55,48,139,645
50,46,42,48,70,744
54,95,85,70,51,645
69,54,48,56,83,690
49,54,96,76,56,669
86,46,50,50,76,692
51,72,101,96,55,625
71,65,46,58,90,670
55,52,46,109,58,680
43,47,128,63,53,666
82,81,65,66,51,655
44,54,70,57,134,641
74,57,50,51,70,698
51,50,60,66,50,723
59,42,54,48,116,681
47,113,51,70,56,663
125,61,54,49,59,652
62,77,76,52,53,680
66,55,43,52,55,729
65,51,107,55,46,676
45,58,64,62,79,692
69,77,42,63,58,691
61,56,135,50,43,655
56,66,68,56,76,678
66,56,45,114,50,669
63,73,57,58,44,705
44,48,82,50,151,625
66,67,55,82,67,663
63,56,84,42,52,703
50,81,41,80,59,689
62,54,112,52,66,654
58,67,51,48,54,722
58,54,48,95,42,703
55,74,48,53,122,648
64,59,63,50,70,694
69,49,52,54,47,729
54,103,59,59,61,664
42,55,42,71,51,739
61,39,70,55,77,698
71,92,52,56,55,674
55,51,77,66,69,682
65,67,46,51,46,725
59,57,57,96,68,663
54,41,122,61,57,665
46,154,60,56,51,633
64,74,65,57,68,672
60,52,60,55,43,730
43,98,41,59,70,689
64,53,118,45,44,676
59,89,69,44,67,672
44,47,51,138,54,666
62,57,55,76,46,704
48,36,39,45,130,702
83,85,63,64,67,638
64,53,84,55,53,691
48,73,59,65,57,698
99,50,52,49,72,678
54,50,67,56,55,718
43,51,52,71,64,719
84,51,80,54,49,682
49,66,52,57,95,681
60,60,79,60,51,690
61,57,57,45,103,677
62,37,83,92,59,667
44,55,50,47,72,732
85,45,57,58,50,705
54,76,80,56,72,662
92,50,51,45,50,712
56,106,51,59,61,667
72,54,61,59,50,704
50,53,57,53,63,724
42,52,48,109,65,684
73,99,49,56,59,664
50,55,53,77,61,704
66,63,61,54,48,708
39,56,47,73,84,701
110,54,101,44,52,639
51,57,56,102,56,678
60,44,87,51,43,715
58,79,53,46,74,690
45,58,121,48,39,689
46,73,62,52,116,651
105,45,54,78,62,656
56,62,100,54,63,665
60,51,60,70,57,702
56,62,44,43,84,711
56,49,88,134,46,627
52,45,51,69,143,640
48,80,67,50,75,680
91,51,46,63,55,694
54,56,159,57,51,623
69,53,78,45,52,703
47,105,63,76,60,649
89,50,41,48,66,706
52,76,54,73,58,687
56,50,64,49,83,698
52,65,42,65,46,730
58,49,134,51,48,660
81,40,73,55,60,691
45,60,47,77,68,703
59,52,96,57,40,696
53,69,50,62,119,647
47,41,146,56,57,653
71,99,79,51,61,639
46,55,53,78,71,697
106,61,44,57,45,687
61,39,99,62,64,675
85,64,55,45,43,708
47,50,58,111,80,654
67,53,62,59,54,705
52,62,51,74,74,687
50,50,67,46,47,740
39,74,50,76,80,681
71,46,159,46,54,624
41,41,79,110,51,678
92,79,49,52,53,675
54,47,99,102,51,647
50,61,56,59,57,717
49,52,38,50,62,749
59,88,44,47,53,709
49,55,48,109,53,686
56,62,68,58,58,698
53,49,42,74,43,739
52,45,172,46,63,622
54,121,81,44,48,652
79,58,53,63,51,696
45,60,54,52,74,715
98,71,51,61,47,672
53,45,39,65,117,681
58,65,102,46,60,669
52,55,58,135,53,647
66,97,49,70,52,666
46,55,63,56,77,703
98,70,53,56,60,663
49,55,81,65,55,695
114,59,44,49,46,688
61,65,59,52,84,679
58,56,52,57,47,730
58,48,51,65,90,688
64,56,98,50,50,682
44,63,47,61,56,729
95,48,87,63,62,645
53,121,50,55,50,671
44,62,51,104,54,685
157,50,46,56,38,653
76,51,53,55,84,681
54,57,71,48,53,717
41,46,51,48,89,725
50,51,48,84,55,712
68,50,54,49,59,720
56,58,39,55,57,735
58,50,71,67,48,706
48,47,49,64,64,728
51,51,93,57,47,701
93,50,48,56,55,698
48,58,58,54,55,727
103,51,69,54,49,674
49,56,42,50,116,687
63,44,107,66,57,663
45,92,54,67,64,678
110,56,77,46,60,651
58,52,55,118,50,667
46,41,79,63,89,682
83,94,63,49,47,664
49,52,67,68,65,699
74,77,46,52,56,695
47,50,110,53,42,698
140,55,62,68,70,605
62,73,64,44,55,702
42,51,63,70,67,707
56,75,44,47,52,726
45,46,59,67,70,713
76,57,53,59,46,709
43,53,62,56,108,678
77,90,52,55,58,668
39,55,61,45,78,722
85,54,43,52,59,707
44,48,69,100,50,689
42,71,45,58,67,717
72,50,112,40,39,687
47,54,60,51,109,679
81,68,47,67,60,677
54,44,101,42,67,692
56,81,48,75,57,683
46,50,100,52,50,702
60,56,56,66,67,695
67,57,90,38,56,692
61,70,46,202,54,567
55,59,84,99,86,617
61,79,55,52,53,700
51,53,46,103,63,684
52,60,79,52,55,702
63,40,54,50,56,737
50,88,81,70,43,668
57,52,50,53,117,671
56,93,72,43,63,673
69,52,43,106,51,679
49,62,62,56,62,709
85,50,39,73,48,705
54,77,52,57,101,659
83,54,69,59,53,682
47,67,44,53,60,729
67,52,149,62,58,612
42,98,78,48,58,676
94,59,54,65,58,670
48,58,65,45,73,711
103,42,57,80,52,666
54,61,63,49,57,716
44,44,50,56,63,743
41,98,54,49,60,698
47,44,74,64,42,729
86,108,48,60,58,640
54,50,84,44,48,720
63,52,50,49,61,725
52,74,57,84,52,681
91,51,77,51,49,681
57,53,48,66,86,690
53,107,68,37,50,685
64,59,48,164,39,626
51,54,81,82,76,656
56,75,46,55,52,716
39,49,108,72,56,676
57,71,60,58,57,697
52,56,61,44,48,739
47,82,53,160,46,612
55,50,50,83,97,665
65,73,95,49,52,666
55,55,53,71,67,699
75,55,70,47,47,706
43,66,44,66,97,684
105,65,50,57,49,674
59,47,97,41,69,687
51,74,60,95,51,669
73,53,64,53,64,693
55,78,36,99,48,684
84,46,159,51,66,594
51,76,89,69,53,662
55,52,61,45,66,721
71,53,46,58,48,724
46,72,57,47,73,705
69,50,56,77,47,701
57,67,59,49,70,698
59,40,39,72,57,733
47,69,57,49,48,730
68,56,43,45,76,712
51,56,84,73,49,687
63,47,51,57,81,701
46,79,51,39,54,731
71,45,56,118,56,654
45,108,53,62,56,676
53,55,62,57,89,684
49,60,49,82,60,700
39,74,73,60,47,707
89,61,58,42,55,695
51,58,50,140,66,635
83,63,44,70,51,689
56,57,72,60,49,706
65,45,44,47,118,681
57,73,70,51,60,689
48,50,52,77,69,704
74,62,66,52,45,701
45,54,51,78,61,711
96,75,52,57,54,666
53,61,66,79,48,693
63,56,48,52,58,723
51,43,59,58,66,723
73,93,58,48,72,656
47,47,61,85,42,718
73,56,51,43,92,685
58,54,65,131,48,644
47,56,53,69,75,700
151,57,61,45,51,635
73,63,54,125,73,612
54,60,95,71,49,671
67,62,53,52,50,716
36,52,57,81,77,697
48,68,81,49,61,693
77,51,55,63,47,707
52,62,63,50,106,667
104,50,48,77,59,662
57,92,66,37,78,670
62,50,50,101,50,687
58,52,85,49,62,694
64,53,58,55,74,696
46,46,62,72,53,721
73,55,50,62,55,705
44,57,104,53,78,664
52,67,52,70,63,696
56,46,76,55,56,711
54,100,50,56,60,680
60,51,56,81,45,707
48,111,50,54,54,683
63,57,116,57,53,654
49,53,58,52,80,708
61,45,62,62,58,712
54,55,61,40,55,735
54,69,60,87,47,683
73,59,42,60,36,730
46,63,84,73,135,599
85,54,55,63,67,676
55,61,61,57,50,716
55,43,64,76,48,714
50,132,57,54,106,601
63,67,63,96,62,649
67,49,49,51,75,709
47,74,54,68,46,711
73,51,40,54,92,690
57,66,49,43,56,729
44,44,68,97,38,709
73,58,48,51,94,676
59,58,60,164,54,605
67,70,50,89,53,671
54,55,61,49,73,708
61,68,57,87,50,677
49,48,56,46,82,719
49,78,61,92,46,674
63,49,69,43,72,704
47,81,44,81,66,681
112,51,78,63,46,650
58,87,56,63,91,645
86,52,65,61,56,680
40,79,51,58,76,696
88,48,64,47,55,698
56,82,57,57,40,708
75,45,48,89,98,645
55,125,56,52,48,664
68,66,53,62,65,686
52,54,91,51,60,692
60,57,58,63,56,706
62,54,53,40,97,694
49,72,74,117,58,630
101,51,53,58,42,695
56,55,56,60,96,677
49,60,44,89,63,695
66,50,73,52,57,702
58,68,46,49,99,680
38,58,72,74,55,703
110,61,55,44,80,650
52,76,74,62,46,690
99,49,45,40,65,702
58,86,87,60,49,660
49,51,60,52,108,680
91,51,48,109,56,645
52,48,91,54,69,686
53,58,50,64,39,736
53,41,59,65,51,731
56,82,45,55,84,678
65,49,129,77,52,628
51,51,63,58,74,703
60,98,47,60,47,688
48,54,135,63,75,625
63,49,70,79,48,691
45,68,53,35,78,721
50,56,66,172,46,610
39,94,61,92,52,662
87,51,68,48,55,691
46,66,61,43,62,722
49,54,39,72,71,715
76,58,115,66,48,637
46,54,59,60,126,655
44,72,48,51,68,717
87,45,78,69,39,682
56,98,49,58,115,624
60,49,103,56,60,672
56,77,53,84,38,692
85,45,70,61,152,587
53,99,45,63,78,662
87,60,97,50,40,666
58,44,56,80,117,645
72,66,60,45,60,697
56,48,67,79,84,666
62,135,60,49,51,643
47,64,59,78,54,698
82,48,53,45,61,711
48,90,55,67,51,689
103,54,50,54,72,667
61,72,65,49,62,691
44,49,47,81,68,711
96,57,51,50,63,683
53,66,58,91,57,675
98,44,47,55,51,705
51,65,83,63,65,673
88,50,47,49,67,699
57,49,55,63,61,715
57,66,50,50,54,723
79,45,53,51,57,715
46,65,54,73,59,703
170,49,50,54,66,611
86,68,64,52,50,680
50,48,70,127,55,650
36,64,65,67,42,726
99,40,66,58,86,651
52,78,46,62,60,702
49,53,76,53,52,717
65,62,58,80,39,696
60,55,57,51,131,646
43,43,96,63,66,689
35,103,61,58,44,699
92,60,67,62,63,656
48,97,61,48,50,696
61,57,64,52,44,722
53,85,54,51,116,641
51,59,73,66,64,687
95,60,46,48,64,687
53,61,113,79,52,642
58,65,56,54,76,691
57,50,57,114,50,672
61,72,56,67,85,659
63,48,55,55,50,729
44,97,51,66,52,690
102,54,62,59,51,672
59,44,52,78,55,712
50,88,52,54,53,703
69,54,54,60,64,699
42,49,107,85,58,659
52,56,57,51,56,728
49,87,47,62,44,711
45,55,88,48,47,717
118,62,49,51,73,647
58,49,62,62,64,705
44,60,60,48,49,739
43,46,61,44,88,718
43,63,48,120,46,680
64,54,92,63,56,671
62,51,55,64,82,686
45,83,47,67,55,703
150,55,60,48,42,645
80,66,54,46,47,707
50,67,57,103,59,664
72,51,50,56,70,701
60,59,48,53,52,728
55,51,103,68,44,679
44,88,61,41,83,683
122,47,71,89,45,626
65,78,51,64,111,631
58,53,108,38,62,681
58,49,62,163,44,624
51,60,68,85,80,656
79,39,41,52,53,736
49,60,208,65,48,570
63,45,107,60,77,648
62,108,59,56,55,660
46,57,49,56,78,714
84,58,45,63,52,698
54,63,60,47,75,701
48,43,48,75,60,726
75,57,66,50,55,697
49,75,65,64,43,704
103,56,55,41,65,680
51,66,46,77,51,709
63,40,134,47,40,676
40,46,65,55,108,686
78,111,57,76,53,625
43,60,52,53,88,704
115,59,58,58,47,663
54,70,43,54,45,734
66,49,46,108,50,681
65,42,102,63,64,664
47,87,55,58,51,702
70,56,71,50,69,684
46,77,47,59,47,724
63,62,118,45,58,654
73,53,59,55,49,711
47,54,51,47,89,712
54,66,120,62,53,645
99,59,62,59,51,670
49,43,41,60,88,719
80,57,68,71,45,679
56,67,48,51,104,674
81,47,66,56,64,686
41,103,49,83,55,669
145,59,53,52,58,633
80,49,97,51,71,652
52,108,50,73,66,651
50,60,91,52,48,699
64,36,50,42,142,666
49,169,53,54,79,596
75,95,49,57,52,672
54,53,74,48,50,721
54,76,42,63,48,717
44,46,150,56,63,641
64,63,79,60,62,672
71,57,48,51,51,722
54,73,50,56,55,712
49,60,67,50,68,706
83,58,49,52,42,716
51,43,67,47,90,702
62,111,43,69,47,668
52,61,72,51,108,656
77,50,49,79,66,679
48,57,100,53,51,691
78,72,60,43,53,694
55,48,51,64,84,698
48,110,55,49,53,685
71,60,45,74,47,703
48,47,124,55,51,675
49,70,61,61,56,703
61,47,63,55,49,725
43,56,52,56,105,688
76,58,83,49,54,680
48,55,52,66,71,708
63,62,89,45,44,697
53,50,54,62,125,656
56,54,74,49,63,704
66,65,47,61,60,701
42,56,63,47,56,736
64,60,65,82,43,686
59,39,56,48,140,658
63,68,51,78,76,664
61,54,141,52,40,652
65,84,74,59,88,630
37,58,59,64,52,730
87,60,50,53,61,689
52,46,75,56,44,727
80,51,50,60,118,641
56,42,105,57,67,673
60,107,57,62,50,664
50,62,90,56,46,696
74,40,51,57,117,661
45,78,64,83,68,662
112,57,59,54,40,678
56,53,56,54,88,693
81,59,67,49,58,686
51,75,46,57,42,729
39,55,79,53,66,708
45,66,53,53,49,734
39,48,73,59,95,686
177,55,46,53,54,615
91,54,109,45,60,641
46,55,52,63,88,696
53,62,64,51,57,713
87,49,44,68,39,713
49,76,57,55,68,695
58,53,64,57,46,722
66,47,41,78,76,692
52,72,61,50,52,713
71,46,64,71,68,680
53,83,54,54,49,707
58,50,48,104,38,702
59,37,89,53,52,710
64,113,56,46,61,660
54,61,50,74,72,689
65,63,45,51,44,732
47,52,125,65,66,645
51,94,65,70,64,656
58,59,64,46,44,729
46,51,43,97,102,661
67,58,65,55,55,700
56,55,58,70,49,712
70,57,38,45,51,739
58,82,115,62,64,619
91,47,63,46,54,699
58,41,51,90,90,670
71,56,89,52,54,678
53,83,49,59,55,701
42,51,91,70,90,656
127,74,57,54,56,632
61,47,72,73,46,701
63,67,54,43,91,682
57,52,90,61,48,692
63,56,54,46,83,698
50,59,42,59,48,742
63,48,55,55,120,659
48,93,53,64,61,681
62,61,56,42,57,722
39,59,42,49,66,745
72,57,64,66,55,686
45,45,94,48,47,721
59,46,59,106,56,674
48,150,55,50,67,630
50,81,126,72,53,618
65,49,57,61,76,692
52,101,52,58,49,688
98,51,61,53,53,684
53,49,59,74,69,696
83,64,51,54,51,697
57,52,90,47,71,683
53,68,51,52,44,732
72,54,97,58,46,673
47,49,57,60,81,706
54,90,54,64,51,687
50,49,58,59,43,741
66,117,65,51,63,638
44,65,53,49,54,735
116,56,81,51,45,651
58,55,49,71,155,612
63,65,57,51,79,685
46,48,55,99,53,699
115,43,74,58,50,660
58,68,50,59,70,695
88,40,49,63,46,714
48,109,51,52,56,684
54,59,74,59,122,632
58,55,49,66,63,709
47,56,85,48,46,718
97,43,50,66,73,671
53,207,83,44,53,560
62,109,49,64,71,645
49,57,128,37,65,664
52,75,67,38,64,704
76,57,54,70,52,691
45,58,79,61,51,706
109,43,57,57,47,687
57,66,41,59,107,670
44,70,163,53,56,614
63,49,85,124,65,614
64,91,63,67,44,671
59,53,62,59,104,663
71,52,44,61,53,719
54,60,79,48,77,682
61,50,42,57,56,734
47,55,73,66,58,701
76,58,48,49,75,694
47,52,76,95,50,680
42,66,50,53,50,739
84,47,123,46,68,632
53,75,67,75,63,667
88,45,52,61,52,702
51,64,51,42,71,721
57,56,65,108,50,664
60,51,54,63,61,711
45,63,88,50,50,704
65,40,53,116,73,653
40,139,80,52,66,623
86,71,49,67,47,680
52,58,84,60,91,655
56,62,48,60,49,725
61,50,71,49,61,708
50,65,50,63,49,723
74,58,45,54,49,720
59,49,83,44,61,704
55,57,52,170,60,606
84,58,72,79,48,659
61,58,56,46,78,701
47,55,52,92,53,701
110,51,38,49,62,690
55,62,79,87,53,664
54,70,50,48,43,735
71,50,109,48,61,661
61,74,67,86,54,658
81,47,55,52,54,711
49,63,54,64,67,703
79,52,67,47,56,699
51,82,53,50,74,690
48,49,68,97,44,694
74,77,52,56,62,679
54,50,71,52,72,701
59,77,50,62,51,701
60,56,49,44,66,725
46,57,59,79,53,706
57,61,56,50,92,684
53,54,77,77,50,689
46,54,47,44,75,734
115,57,48,77,56,647
61,37,64,51,67,720
97,43,49,49,40,722
60,71,72,52,40,705
64,48,36,76,97,679
70,80,92,58,45,655
44,51,48,62,133,662
84,51,61,57,72,675
52,46,51,72,47,732
46,89,62,51,64,688
105,50,48,82,54,661
64,53,69,40,104,670
50,74,43,114,54,665
91,41,71,57,49,691
53,82,56,55,62,692
82,54,49,87,50,678
53,76,66,54,80,671
72,46,47,95,47,693
47,146,64,56,49,638
69,74,61,56,64,676
47,45,57,76,53,722
55,96,52,40,49,708
82,51,53,75,46,693
61,59,58,49,98,675
58,48,59,90,46,699
39,69,48,53,88,703
97,52,72,52,60,667
57,100,61,61,54,667
53,55,49,48,76,719
62,46,50,62,55,725
53,56,107,51,45,688
58,58,54,56,109,665
50,62,71,63,60,694
90,50,54,71,51,684
51,99,65,49,54,682
50,55,57,54,51,733
48,58,71,49,60,714
73,36,54,89,58,690
57,103,74,50,81,635
71,58,52,96,55,668
63,57,89,54,67,670
60,61,58,64,39,718
51,70,45,53,62,719
53,55,173,47,46,626
55,64,91,69,46,675
82,52,55,43,100,668
58,102,50,49,52,689
42,62,125,54,54,663
71,58,59,61,60,691
53,52,48,94,45,708
62,46,113,58,67,654
59,109,66,50,63,653
64,55,50,88,70,673
61,56,72,57,67,687
64,86,53,80,40,677
46,47,52,51,152,652
43,51,47,102,81,676
115,51,70,61,53,650
58,70,51,56,69,696
42,54,69,46,40,749
89,53,57,81,58,662
48,92,94,50,37,679
52,52,53,64,131,648
59,53,54,59,70,705
53,56,63,51,52,725
66,55,44,39,74,722
44,84,46,122,45,659
139,50,70,62,51,628
73,49,68,42,74,694
53,71,55,78,45,698
50,46,69,54,118,663
53,66,53,104,66,658
62,53,73,58,61,693
73,37,48,72,52,718
46,81,54,52,68,699
77,53,64,96,47,663
44,92,59,52,80,673
103,51,60,62,58,666
55,50,74,55,51,715
75,102,50,48,57,668
46,58,107,56,68,665
90,55,57,50,51,697
50,72,51,50,135,642
152,41,62,53,69,623
77,112,61,56,52,642
61,58,50,62,66,703
45,76,89,49,46,695
81,50,52,56,103,658
57,74,67,67,51,684
84,48,56,46,54,712
59,107,83,47,59,645
57,57,48,109,67,662
54,65,57,57,51,716
58,55,63,54,82,688
69,61,58,83,54,675
51,69,44,51,58,727
110,49,82,54,46,659
55,65,46,49,62,723
53,54,61,120,45,667
61,50,62,63,68,696
71,74,56,52,50,697
50,48,46,70,93,693
78,67,71,57,57,670
52,65,52,49,47,735
53,54,46,74,99,674
41,57,69,56,61,716
123,64,48,56,62,647
71,49,86,48,77,669
43,99,47,65,61,685
90,54,108,42,52,654
51,62,61,70,68,688
104,43,62,54,45,692
57,68,53,62,110,650
57,58,62,60,58,705
45,69,75,55,40,716
69,46,60,55,94,676
77,65,52,53,47,706
50,48,43,65,80,714
78,65,80,53,54,670
50,38,47,61,132,672
55,98,53,50,68,676
50,51,47,61,82,709
58,39,65,70,57,711
44,131,68,49,66,642
96,61,58,55,49,681
52,57,56,69,66,700
68,73,36,56,56,711
57,45,111,69,66,652
58,109,53,68,47,665
94,55,50,54,64,683
56,105,51,43,66,679
61,53,55,86,55,690
80,47,65,51,51,706
54,87,56,51,47,705
63,48,72,58,45,714
56,115,43,55,64,667
65,58,50,48,64,715
52,49,77,139,52,631
51,84,51,64,105,645
52,47,113,50,48,690
78,44,60,73,54,691
54,52,57,50,104,683
65,67,49,98,50,671
39,63,70,54,98,676
139,60,50,56,50,645
71,51,52,63,107,656
48,70,82,58,60,682
31,52,61,54,55,747
83,59,62,57,44,695
54,40,59,62,83,702
62,124,49,53,50,662
55,66,63,62,74,680
50,58,41,53,42,756
51,45,61,43,124,676
64,101,60,70,67,638
51,52,54,45,50,748
114,62,53,65,66,640
63,58,62,58,66,693
51,40,63,51,53,742
55,62,43,63,45,732
64,48,93,56,68,671
44,116,48,54,50,688
119,57,62,52,59,651
64,45,51,57,85,698
43,55,62,77,64,699
97,61,50,47,72,673
58,56,58,68,63,697
59,49,39,52,70,731
55,70,88,52,50,685
73,62,55,34,72,704
45,67,49,69,71,699
100,44,61,53,50,692
54,113,60,57,47,669
56,60,52,54,48,730
80,48,47,49,104,672
48,53,87,49,58,705
44,80,53,65,58,700
159,54,39,47,71,630
89,61,67,58,53,672
52,51,64,49,99,685
83,65,49,46,55,702
47,67,63,72,48,703
87,49,64,45,65,690
52,86,52,66,52,692
62,53,50,65,88,682
33,82,87,60,56,682
232,61,55,49,76,527
123,53,54,49,48,673
59,48,49,69,82,693
47,81,132,55,58,627
54,54,65,55,60,712
66,68,43,54,55,714
44,43,96,63,54,700
101,96,49,47,57,650
57,46,70,71,51,705
71,67,41,52,79,690
55,46,82,69,53,695
56,82,50,55,64,693
82,57,91,61,45,664
50,52,54,49,101,694
82,72,42,69,50,685
53,61,140,41,78,627
50,74,74,108,60,634
85,48,47,56,60,704
51,67,50,72,51,709
48,49,73,57,58,715
86,66,55,45,42,706
54,53,57,80,81,675
58,107,62,50,47,676
46,57,57,65,105,670
69,76,61,47,57,690
46,60,57,61,47,729
64,57,40,53,108,678
60,46,63,83,51,697
52,62,39,43,78,726
69,58,53,69,52,699
41,59,125,50,53,672
73,55,65,66,61,680
41,76,68,58,60,697
133,61,45,42,55,664
62,61,60,98,67,652
69,55,57,54,39,726
63,53,57,38,110,679
41,59,58,132,60,650
55,77,53,66,50,699
43,50,76,53,49,729
52,46,52,63,86,701
72,53,54,49,58,714
59,57,57,91,64,672
55,53,57,53,75,707
55,97,50,58,45,695
55,51,60,56,148,630
42,74,61,55,74,694
149,45,40,42,49,675
75,48,62,60,87,668
41,88,63,50,52,706
142,61,57,64,50,626
68,75,57,48,60,692
46,54,57,107,58,678
74,62,63,56,42,703
52,55,46,54,129,664
56,49,84,46,63,702
63,69,51,65,48,704
44,51,127,46,44,688
83,55,69,78,55,660
56,61,52,56,57,718
45,59,72,51,44,729
40,48,55,59,89,709
78,58,60,49,47,708
52,52,47,60,84,705
49,59,91,63,58,680
75,57,64,49,53,702
53,52,53,122,56,664
48,104,59,68,48,673
65,56,66,53,65,695
63,69,39,45,48,736
46,53,143,54,52,652
92,84,65,47,60,652
55,49,59,107,65,665
59,71,45,57,53,715
57,46,47,75,42,733
56,61,48,58,63,714
63,42,58,73,51,713
58,70,41,56,71,704
49,47,83,72,41,708
61,55,55,54,129,646
41,144,58,46,63,648
42,80,61,44,58,715
67,47,59,73,58,696
40,63,48,53,65,731
105,56,60,62,45,672
57,47,69,60,104,663
74,72,59,68,59,668
48,48,77,48,59,720
49,48,43,87,93,680
65,142,67,52,47,627
51,75,60,55,94,665
91,53,51,69,59,677
52,66,99,48,65,670
92,65,55,59,55,674
56,59,60,73,68,684
41,79,43,60,70,707
76,51,82,56,41,694
54,46,58,63,59,720
44,63,49,62,67,715
62,50,53,55,48,732
50,146,66,53,44,641
84,79,56,47,129,605
42,52,73,85,73,675
116,86,50,53,49,646
60,48,96,51,56,689
62,46,54,54,60,724
52,88,79,47,49,685
84,52,45,57,68,694
48,48,134,51,79,640
76,86,75,65,55,643
48,49,53,59,87,704
67,58,54,83,43,695
